Date,Name,Articles,Stock_Price,Pos_Words,Neg_Words,YT_Vids
49:05.4,bp,16,27.37000084,,,
01:54.2,bp,19,27.37000084,,,
07:11.1,bp,20,27.37000084,,,
13:42.9,bp,20,27.37000084,,,
20:17.2,bp,19,27.37000084,,,
26:45.2,bp,21,27.37000084,,,
32:13.2,bp,22,27.37000084,,,
37:41.0,bp,24,27.37000084,,,
50:45.1,bp,21,27.37000084,,,
57:22.8,bp,20,27.37000084,,,
02:49.3,bp,22,27.37000084,,,
08:17.7,bp,22,27.37000084,,,
20:09.1,bp,22,27.37000084,,,
33:00.7,bp,18,27.37000084,,,
38:29.2,bp,15,27.37000084,,,
50:21.0,bp,13,27.37000084,,,
55:48.5,bp,12,27.37000084,,,
07:41.5,bp,14,27.37000084,,,
13:09.4,bp,14,27.37000084,,,
19:49.5,bp,12,27.37000084,,,
29:34.2,bp,11,27.37000084,,,
36:16.7,bp,10,27.37000084,,,
41:47.7,bp,10,27.37000084,,,
47:15.2,bp,10,27.37000084,,,
57:36.1,bp,9,27.37000084,,,
04:19.4,bp,10,27.37000084,,,
12:30.8,bp,11,27.37000084,,,
44:44.0,bp,10,27.37000084,,,
57:44.4,bp,9,27.37000084,,,
04:12.0,bp,10,27.37000084,,,
24:33.1,bp,11,27.37000084,,,
30:00.5,bp,12,27.37000084,,,
41:50.5,bp,14,27.37000084,,,
47:17.6,bp,15,27.37000084,,,
52:45.4,bp,14,27.37000084,,,
58:13.9,bp,11,27.37000084,,,
03:41.4,bp,8,27.37000084,,,
09:10.3,bp,8,27.37000084,,,
20:55.1,bp,9,27.37000084,,,
26:26.2,bp,11,27.37000084,,,
31:56.2,bp,12,27.37000084,,,
39:53.9,bp,12,27.37000084,,,
45:21.0,bp,11,27.37000084,,,
50:47.9,bp,11,27.37000084,,,
56:15.3,bp,9,27.37000084,,,
01:45.4,bp,13,27.37000084,,,
08:29.1,bp,16,27.37000084,,,
15:12.0,bp,13,27.37000084,,,
20:39.1,bp,13,27.37000084,,,
26:07.3,bp,11,27.37000084,,,
31:35.8,bp,10,27.37000084,,,
43:52.5,bp,13,27.37000084,,,
49:21.1,bp,14,27.37000084,,,
54:51.5,bp,14,27.37000084,,,
00:19.3,bp,16,27.37000084,,,
09:26.1,bp,18,27.37000084,,,
17:47.6,bp,12,27.37000084,,,
25:31.3,bp,15,27.37000084,,,
38:25.8,bp,12,27.37000084,,,
45:03.6,bp,13,27.37000084,,,
56:48.9,bp,13,27.37000084,,,
02:16.6,bp,13,27.37000084,,,
07:45.3,bp,10,27.37000084,,,
26:47.6,bp,10,27.37000084,,,
32:17.9,bp,11,27.37000084,,,
49:21.7,bp,10,27.37000084,,,
57:16.5,bp,10,27.37000084,,,
02:44.1,bp,13,27.37000084,,,
17:35.7,bp,7,27.37000084,,,
24:19.1,bp,5,27.37000084,,,
29:45.7,bp,3,27.37000084,,,
42:46.5,bp,4,27.37000084,,,
56:57.8,bp,2,27.37000084,,,
02:26.0,bp,6,27.37000084,,,
10:53.6,bp,11,27.37000084,,,
17:32.8,bp,11,27.37000084,,,
24:50.2,bp,12,27.37000084,,,
36:34.5,bp,13,27.37000084,,,
44:33.8,bp,12,27.37000084,,,
51:56.8,bp,12,27.37000084,,,
09:35.9,bp,10,27.37000084,,,
17:28.5,bp,8,27.37000084,,,
23:57.9,bp,10,27.37000084,,,
35:42.9,bp,10,27.37000084,,,
41:10.0,bp,8,27.37000084,,,
46:38.8,bp,9,27.37000084,,,
52:09.7,bp,9,27.37000084,,,
00:09.2,bp,9,27.37000084,,,
21:23.5,bp,13,27.37000084,,,
27:56.3,bp,9,27.37000084,,,
34:40.6,bp,6,27.37000084,,,
41:27.2,bp,6,27.37000084,,,
46:56.5,bp,8,27.37000084,,,
52:28.4,bp,8,27.37000084,,,
57:55.9,bp,6,27.37000084,,,
05:55.3,bp,8,27.37000084,,,
13:54.7,bp,7,27.37000084,,,
21:05.2,bp,9,27.37000084,,,
35:24.5,bp,9,27.37000084,,,
41:56.4,bp,9,27.37000084,,,
48:38.4,bp,8,27.37000084,,,
54:09.4,bp,10,27.37000084,,,
59:38.3,bp,9,27.37000084,,,
05:08.2,bp,22,27.37000084,,,
12:56.4,bp,20,27.37000084,,,
18:26.2,bp,17,27.37000084,,,
23:56.0,bp,13,27.37000084,,,
35:58.6,bp,17,27.37000084,,,
42:43.4,bp,15,27.37000084,,,
49:28.8,bp,16,27.37000084,,,
54:57.9,bp,14,27.37000084,,,
02:59.2,bp,14,27.37000084,,,
08:29.0,bp,13,27.37000084,,,
15:15.5,bp,13,27.37000084,,,
30:55.2,bp,14,27.37000084,,,
36:24.8,bp,14,27.37000084,,,
43:10.1,bp,14,27.37000084,,,
56:07.2,bp,18,27.37000084,,,
01:36.8,bp,24,27.37000084,,,
07:10.4,bp,22,27.37000084,,,
12:44.3,bp,21,27.37000084,,,
18:13.9,bp,19,27.37000084,,,
23:43.8,bp,17,27.37000084,,,
29:15.9,bp,20,27.37000084,,,
34:46.8,bp,17,28.29000092,,,
40:16.4,bp,16,28.38310051,,,
52:11.4,bp,13,28.47500038,,,
04:07.6,bp,19,28.40999985,,,
09:38.9,bp,19,28.45999908,,,
17:23.6,bp,23,28.51000023,,,
26:41.2,bp,24,28.47019958,,,
32:13.4,bp,23,28.51499939,,,
38:59.4,bp,22,28.52639961,,,
44:30.4,bp,20,28.58650017,,,
51:14.5,bp,16,28.56999969,,,
59:16.3,bp,17,28.49010086,,,
04:46.3,bp,22,28.39500046,,,
10:17.1,bp,20,28.43499947,,,
15:48.5,bp,17,28.38999939,,,
21:19.5,bp,19,28.37999916,,,
29:21.7,bp,18,28.38500023,,,
36:07.9,bp,15,28.4218998,,,
42:54.2,bp,15,28.47500038,,,
49:39.9,bp,15,28.5279007,,,
56:24.6,bp,14,28.60000038,,,
03:17.2,bp,18,28.60000038,,,
08:50.1,bp,22,28.61000061,,,
15:25.6,bp,25,28.64999962,,,
20:56.6,bp,23,28.65999985,,,
27:37.5,bp,23,28.66500092,,,
40:28.9,bp,18,28.67499924,,,
47:15.4,bp,21,28.69000053,,,
00:21.6,bp,27,28.63500023,,,
05:55.3,bp,25,28.63430023,,,
24:09.1,bp,24,28.60499954,,,
29:40.7,bp,25,28.60000038,,,
38:51.9,bp,24,28.59499931,,,
44:35.2,bp,22,28.58279991,,,
50:05.7,bp,19,28.54999924,,,
58:43.3,bp,15,28.54430008,,,
17:03.4,bp,20,28.58499908,,,
29:05.1,bp,18,28.56500053,,,
35:51.6,bp,16,28.57999992,,,
41:21.5,bp,15,28.57760048,,,
46:51.6,bp,20,28.56999969,,,
53:36.1,bp,16,28.60499954,,,
00:23.2,bp,18,28.59499931,,,
07:41.8,bp,15,28.60499954,,,
13:15.4,bp,15,28.61370087,,,
20:02.1,bp,17,28.54500008,,,
25:32.7,bp,19,28.57500076,,,
34:00.6,bp,18,28.55999947,,,
39:30.7,bp,17,28.56500053,,,
51:19.0,bp,18,28.54400063,,,
03:11.3,bp,18,28.54999924,,,
09:55.3,bp,16,28.54999924,,,
16:18.3,bp,15,28.54999924,,,
23:16.0,bp,18,28.54999924,,,
28:50.7,bp,19,28.54999924,,,
40:46.4,bp,17,28.54999924,,,
52:41.7,bp,21,28.54999924,,,
58:15.9,bp,20,28.54999924,,,
07:29.6,bp,28,28.54999924,,,
14:15.4,bp,30,28.54999924,,,
19:46.4,bp,31,28.54999924,,,
25:17.6,bp,34,28.54999924,,,
32:04.3,bp,34,28.54999924,,,
37:35.7,bp,31,28.54999924,,,
45:39.6,bp,29,28.54999924,,,
51:10.4,bp,24,28.54999924,,,
56:40.0,bp,22,28.54999924,,,
09:33.1,bp,17,28.54999924,,,
16:13.1,bp,14,28.54999924,,,
21:45.1,bp,15,28.54999924,,,
28:32.3,bp,13,28.54999924,,,
36:26.7,bp,12,28.54999924,,,
43:16.9,bp,14,28.54999924,,,
48:47.5,bp,13,28.54999924,,,
54:22.2,bp,17,28.54999924,,,
06:16.7,bp,22,28.54999924,,,
20:40.9,bp,20,28.54999924,,,
27:11.0,bp,18,28.54999924,,,
39:03.5,bp,11,28.54999924,,,
59:51.7,bp,16,28.54999924,,,
06:19.6,bp,22,28.54999924,,,
13:05.8,bp,21,28.54999924,,,
27:29.8,bp,22,28.54999924,,,
33:02.3,bp,20,28.54999924,,,
38:31.4,bp,18,28.54999924,,,
46:30.3,bp,21,28.54999924,,,
59:33.8,bp,19,28.54999924,,,
05:02.1,bp,21,28.54999924,,,
10:30.5,bp,19,28.54999924,,,
15:59.3,bp,18,28.54999924,,,
22:42.1,bp,21,28.54999924,,,
29:27.8,bp,19,28.54999924,,,
34:56.3,bp,20,28.54999924,,,
40:25.2,bp,19,28.54999924,,,
45:53.8,bp,19,28.54999924,,,
51:21.6,bp,18,28.54999924,,,
56:49.0,bp,18,28.54999924,,,
03:34.8,bp,21,28.54999924,,,
11:34.4,bp,20,28.54999924,,,
17:03.6,bp,20,28.54999924,,,
23:48.5,bp,27,28.54999924,,,
31:49.7,bp,23,28.54999924,,,
37:19.9,bp,26,28.54999924,,,
42:48.2,bp,27,28.54999924,,,
50:40.4,bp,24,28.54999924,,,
57:28.1,bp,25,28.54999924,,,
02:58.3,bp,26,28.54999924,,,
08:29.3,bp,26,28.54999924,,,
14:01.6,bp,18,28.54999924,,,
22:03.5,bp,12,28.54999924,,,
27:36.5,bp,10,28.54999924,,,
33:05.8,bp,11,28.54999924,,,
38:38.3,bp,9,28.54999924,,,
44:08.7,bp,9,28.54999924,,,
49:39.0,bp,9,28.54999924,,,
55:14.9,bp,9,28.54999924,,,
02:04.2,bp,14,28.54999924,,,
07:38.4,bp,16,28.54999924,,,
13:11.5,bp,18,28.54999924,,,
18:46.2,bp,18,28.54999924,,,
24:18.2,bp,17,28.54999924,,,
29:48.7,bp,19,28.54999924,,,
35:17.4,bp,19,28.54999924,,,
40:47.3,bp,15,28.54999924,,,
46:16.8,bp,12,28.54999924,,,
51:46.1,bp,14,28.54999924,,,
57:16.1,bp,15,28.54999924,,,
02:44.9,bp,13,28.54999924,,,
08:13.7,bp,13,28.54999924,,,
13:45.8,bp,15,28.54999924,,,
19:14.6,bp,12,28.54999924,,,
24:44.5,bp,15,28.54999924,,,
30:13.8,bp,12,28.54999924,,,
35:42.2,bp,12,28.54999924,,,
41:10.3,bp,13,28.54999924,,,
47:53.8,bp,17,28.54999924,,,
54:39.8,bp,18,28.54999924,,,
00:13.6,bp,22,28.54999924,,,
05:54.8,bp,18,28.54999924,,,
11:27.7,bp,16,28.54999924,,,
16:59.0,bp,16,28.54999924,,,
35:26.4,bp,15,28.54999924,,,
40:55.1,bp,20,28.54999924,,,
46:24.6,bp,16,28.54999924,,,
53:09.6,bp,13,28.54999924,,,
06:19.0,bp,20,28.54999924,,,
14:21.2,bp,17,28.54999924,,,
19:50.2,bp,16,28.54999924,,,
25:19.3,bp,15,28.54999924,,,
30:48.7,bp,16,28.54999924,,,
39:23.3,bp,14,28.54999924,,,
44:51.6,bp,15,28.54999924,,,
03:08.7,bp,13,28.54999924,,,
08:40.3,bp,14,28.54999924,,,
15:25.4,bp,15,28.54999924,,,
22:11.1,bp,14,28.54999924,,,
27:40.6,bp,16,28.54999924,,,
33:09.6,bp,16,28.54999924,,,
38:38.4,bp,18,28.54999924,,,
46:52.4,bp,19,28.54999924,,,
52:23.3,bp,17,28.54999924,,,
00:12.5,bp,23,28.54999924,,,
13:16.3,bp,16,28.54999924,,,
18:45.8,bp,17,28.54999924,,,
24:18.6,bp,15,28.54999924,,,
31:03.0,bp,14,28.54999924,,,
36:33.2,bp,17,28.54999924,,,
42:01.9,bp,19,28.54999924,,,
48:33.0,bp,18,28.54999924,,,
54:04.0,bp,18,28.54999924,,,
00:47.7,bp,17,28.54999924,,,
07:34.1,bp,16,28.54999924,,,
14:21.0,bp,16,28.54999924,,,
19:50.1,bp,20,28.54999924,,,
25:20.6,bp,21,28.54999924,,,
30:51.1,bp,17,28.54999924,,,
37:36.7,bp,15,28.54999924,,,
43:06.2,bp,14,28.54999924,,,
48:36.4,bp,13,28.54999924,,,
54:08.4,bp,13,28.54999924,,,
59:38.3,bp,19,28.54999924,,,
05:09.2,bp,28,28.54999924,,,
10:40.3,bp,25,28.54999924,,,
16:12.2,bp,24,28.54999924,,,
21:43.4,bp,25,28.54999924,,,
28:30.0,bp,22,28.54999924,,,
34:02.8,bp,20,28.54999924,,,
39:35.2,bp,18,28.54999924,,,
45:04.8,bp,17,28.54999924,,,
50:35.7,bp,14,28.54999924,,,
59:52.8,bp,20,28.54999924,,,
05:25.5,bp,18,28.54999924,,,
10:58.3,bp,16,28.54999924,,,
16:30.2,bp,17,28.54999924,,,
23:18.1,bp,13,28.54999924,,,
28:50.5,bp,14,28.54999924,,,
35:42.9,bp,11,28.54999924,,,
42:13.7,bp,12,28.54999924,,,
47:45.1,bp,12,28.54999924,,,
55:49.9,bp,12,28.54999924,,,
01:20.4,bp,24,28.54999924,,,
09:07.6,bp,25,28.54999924,,,
14:40.6,bp,24,28.54999924,,,
20:11.3,bp,23,28.54999924,,,
25:43.8,bp,23,28.54999924,,,
31:14.6,bp,21,28.90999985,,,
36:44.3,bp,19,28.95000076,,,
42:13.6,bp,18,28.88999939,,,
47:38.9,bp,19,28.82500076,,,
53:09.5,bp,20,28.92499924,,,
58:39.6,bp,22,28.92000008,,,
04:09.5,bp,36,28.91069984,,,
09:43.4,bp,36,29.04500008,,,
16:30.0,bp,29,29.04999924,,,
23:00.8,bp,29,29.03499985,,,
28:32.2,bp,32,29.03000069,,,
34:04.8,bp,34,28.95999908,,,
39:38.6,bp,30,28.91600037,,,
45:09.1,bp,25,28.93000031,,,
50:39.1,bp,22,28.93000031,,,
56:09.3,bp,21,28.92499924,,,
01:41.3,bp,25,28.85009956,,,
08:28.3,bp,24,28.79500008,,,
15:15.4,bp,22,28.78370094,,,
22:02.2,bp,18,28.78499985,,,
27:34.1,bp,17,28.79579926,,,
33:03.9,bp,18,28.76449966,,,
38:33.8,bp,17,28.70999908,,,
45:19.1,bp,16,28.68499947,,,
50:48.8,bp,15,28.69499969,,,
56:19.0,bp,16,28.68000031,,,
10:01.1,bp,12,28.70000076,,,
15:32.8,bp,12,28.72999954,,,
35:16.3,bp,17,28.82500076,,,
41:49.4,bp,21,28.78359985,,,
48:22.1,bp,21,28.74040031,,,
53:54.3,bp,24,28.77610016,,,
01:47.2,bp,27,28.79000092,,,
07:18.2,bp,38,28.79000092,,,
12:52.1,bp,33,28.76300049,,,
19:28.3,bp,32,28.75,,,
25:03.2,bp,26,28.70240021,,,
31:39.4,bp,25,28.77000046,,,
37:11.0,bp,26,28.75639915,,,
42:41.6,bp,23,28.76000023,,,
48:15.4,bp,19,28.74500084,,,
00:08.4,bp,20,28.76860046,,,
06:54.5,bp,22,28.74500084,,,
12:24.8,bp,22,28.71500015,,,
20:25.9,bp,17,28.60499954,,,
25:55.7,bp,17,28.57999992,,,
31:25.9,bp,15,28.61499977,,,
39:18.4,bp,13,28.59480095,,,
02:30.2,bp,15,28.57999992,,,
09:01.0,bp,16,28.47500038,,,
14:30.9,bp,14,28.47999954,,,
26:21.4,bp,15,28.46500015,,,
32:51.6,bp,10,28.44499969,,,
44:49.5,bp,15,28.41500092,,,
50:22.5,bp,13,28.375,,,
03:28.5,bp,22,28.37000084,,,
09:59.4,bp,22,28.37000084,,,
15:30.5,bp,22,28.37000084,,,
21:01.7,bp,25,28.37000084,,,
26:32.6,bp,29,28.37000084,,,
32:03.8,bp,27,28.37000084,,,
37:35.3,bp,24,28.37000084,,,
44:22.9,bp,21,28.37000084,,,
03:49.9,bp,23,28.37000084,,,
09:36.9,bp,22,28.37000084,,,
16:17.4,bp,20,28.37000084,,,
21:48.0,bp,16,28.37000084,,,
32:19.8,bp,17,28.37000084,,,
37:51.1,bp,18,28.37000084,1,1,
43:22.5,bp,18,28.37000084,2,1,
52:42.1,bp,18,28.37000084,2,1,
58:13.3,bp,17,28.37000084,2,1,
06:16.3,bp,24,28.37000084,2,2,
39:07.2,bp,16,28.37000084,2,0,
45:53.5,bp,15,28.37000084,1,0,
19:30.5,bp,13,28.37000084,1,1,
25:19.9,bp,13,28.37000084,1,1,
31:03.8,bp,12,28.37000084,1,1,
36:47.7,bp,13,28.37000084,2,1,
44:01.3,bp,10,28.37000084,2,1,
50:59.3,bp,11,28.37000084,2,1,
56:38.9,bp,10,28.37000084,2,1,
02:25.5,bp,4,28.37000084,1,0,
12:04.9,bp,4,28.37000084,1,0,
21:36.7,bp,4,28.37000084,1,1,
27:19.2,bp,6,28.37000084,1,1,
35:34.8,bp,5,28.37000084,1,1,
42:36.0,bp,5,28.37000084,1,1,
48:27.3,bp,6,28.37000084,1,2,
55:42.2,bp,6,28.37000084,1,3,
01:25.9,bp,7,28.37000084,1,3,
07:10.3,bp,6,28.37000084,0,3,
12:54.4,bp,7,28.37000084,1,3,
18:38.9,bp,8,28.37000084,1,2,
24:26.3,bp,13,28.37000084,2,2,
30:09.3,bp,15,28.37000084,2,2,
38:27.1,bp,15,28.37000084,2,1,
45:43.9,bp,13,28.37000084,3,1,
52:45.0,bp,11,28.37000084,2,0,
58:35.8,bp,11,28.37000084,1,1,
04:23.6,bp,10,28.37000084,2,0,
12:30.3,bp,10,28.37000084,3,0,
19:35.6,bp,4,28.37000084,1,0,
27:26.6,bp,5,28.37000084,1,0,
43:14.8,bp,12,28.37000084,1,0,
48:59.0,bp,13,28.37000084,1,0,
54:41.8,bp,13,28.37000084,0,0,
01:40.8,bp,14,28.37000084,1,2,
07:22.1,bp,12,28.37000084,0,0,
21:16.5,bp,16,28.37000084,3,0,
28:13.2,bp,19,28.37000084,3,0,
33:52.7,bp,16,28.37000084,3,0,
44:44.7,bp,14,28.37000084,2,0,
51:43.2,bp,16,28.37000084,3,0,
59:05.9,bp,18,28.37000084,3,1,
05:07.0,bp,15,28.37000084,4,1,
10:50.8,bp,14,28.37000084,3,1,
18:08.7,bp,19,28.37000084,4,3,
23:49.6,bp,19,28.37000084,5,3,
29:30.6,bp,20,28.37000084,6,2,
35:15.1,bp,15,28.37000084,5,1,
40:56.1,bp,13,28.37000084,5,1,
47:55.2,bp,17,28.37000084,7,1,
53:35.3,bp,15,28.37000084,5,0,
00:47.3,bp,17,28.37000084,4,1,
06:29.8,bp,16,28.37000084,4,1,
13:47.9,bp,14,28.37000084,2,2,
21:24.4,bp,21,28.37000084,3,0,
28:41.7,bp,19,28.37000084,3,0,
39:22.1,bp,17,28.37000084,2,0,
49:20.0,bp,18,28.37000084,2,0,
57:45.0,bp,17,28.37000084,2,0,
04:42.2,bp,23,28.37000084,5,1,
10:26.2,bp,17,28.37000084,2,1,
17:24.7,bp,17,28.37000084,2,0,
26:53.2,bp,13,28.37000084,1,0,
32:35.6,bp,19,28.37000084,2,0,
39:34.4,bp,22,28.37000084,3,0,
46:34.5,bp,16,28.37000084,1,1,
52:18.2,bp,14,28.37000084,1,1,
57:59.4,bp,11,28.37000084,1,2,
06:13.6,bp,11,28.37000084,1,1,
14:24.7,bp,10,28.37000084,1,1,
20:08.9,bp,12,28.37000084,1,3,
28:23.5,bp,13,28.37000084,1,3,
34:04.6,bp,10,28.37000084,1,3,
46:12.1,bp,11,28.37000084,0,4,
51:52.4,bp,11,28.37000084,0,4,
58:48.0,bp,24,28.37000084,2,4,
06:02.0,bp,23,28.37000084,1,4,
14:14.6,bp,22,28.37000084,1,3,
19:57.5,bp,20,28.37000084,1,3,
26:54.4,bp,21,28.37000084,2,3,
32:35.4,bp,20,28.37000084,2,3,
38:15.9,bp,19,28.37000084,3,1,
47:42.9,bp,19,28.37000084,1,1,
57:10.7,bp,14,28.37000084,1,1,
04:38.2,bp,20,28.37000084,2,1,
11:40.5,bp,23,28.37000084,2,1,
19:56.5,bp,19,28.37000084,0,1,
28:08.6,bp,23,28.37000084,0,1,
35:57.5,bp,20,28.37000084,0,1,
42:53.1,bp,17,28.37000084,0,1,
51:06.6,bp,14,28.37000084,2,1,
56:46.5,bp,12,28.37000084,2,1,
03:56.3,bp,19,28.37000084,0,0,
11:37.1,bp,20,28.37000084,1,1,
17:17.5,bp,17,28.37000084,1,1,
24:13.1,bp,16,28.37000084,1,1,
31:11.0,bp,13,28.37000084,2,1,
36:51.1,bp,17,28.37000084,2,1,
44:28.6,bp,18,28.37000084,4,1,
51:25.4,bp,21,28.37000084,4,1,
57:07.3,bp,23,28.37000084,5,1,
02:48.8,bp,25,28.37000084,3,2,
08:31.0,bp,26,28.37000084,3,2,
15:28.6,bp,29,28.37000084,3,2,
21:09.8,bp,24,28.37000084,2,1,
26:52.7,bp,23,28.37000084,2,1,
32:33.6,bp,24,28.37000084,1,1,
38:13.2,bp,20,28.37000084,1,1,
46:26.0,bp,19,28.37000084,0,0,
55:55.3,bp,17,28.37000084,2,0,
03:27.1,bp,28,28.37000084,5,0,
10:43.3,bp,25,28.37000084,4,1,
17:47.5,bp,24,28.37000084,6,1,
23:35.0,bp,21,28.37000084,4,1,
29:20.5,bp,23,28.37000084,6,2,
35:07.8,bp,23,28.37000084,6,2,
40:53.5,bp,21,28.37000084,6,2,
48:50.4,bp,21,28.37000084,5,2,
44:30.0,bp,22,29.08469963,4,0,
19:47.0,bp,20,28.65999985,1,1,
38:04.4,bp,21,28.77499962,0,1,
43:36.6,bp,20,28.77499962,1,1,
50:24.8,bp,16,28.77499962,1,0,
55:55.8,bp,13,28.72500038,2,0,
05:14.1,bp,20,28.60499954,2,0,
17:12.6,bp,20,28.69729996,3,1,
22:45.4,bp,22,28.75499916,3,1,
28:17.7,bp,23,28.73430061,3,1,
33:50.7,bp,23,28.76499939,3,1,
45:46.6,bp,28,28.77499962,4,1,
51:21.0,bp,30,28.78499985,5,1,
58:11.1,bp,30,28.79000092,3,3,
05:35.3,bp,30,28.81500053,4,3,
13:33.7,bp,30,28.81999969,3,2,
38:07.2,bp,34,28.84000015,5,0,
50:59.3,bp,30,28.84550095,6,0,
58:21.0,bp,30,28.85000038,6,0,
06:52.7,bp,28,28.85499954,5,0,
13:37.0,bp,25,28.85499954,5,0,
19:14.9,bp,23,28.82500076,4,0,
25:45.1,bp,17,28.80500031,3,0,
43:53.8,bp,11,28.83499908,2,0,
00:45.9,bp,14,28.86000061,4,0,
07:51.8,bp,14,28.84000015,4,1,
23:23.8,bp,17,28.83499908,6,1,
36:17.4,bp,15,28.88500023,5,1,
49:29.4,bp,19,28.88500023,7,1,
57:32.9,bp,20,28.86289978,6,1,
44:22.6,bp,19,28.87969971,4,1,
49:57.0,bp,16,28.86499977,2,1,
55:31.3,bp,18,28.80500031,3,1,
08:34.6,bp,15,28.81999969,0,1,
21:31.6,bp,12,28.80999947,0,1,
28:16.8,bp,12,28.80999947,0,1,
52:55.9,bp,15,28.80999947,1,1,
59:34.2,bp,16,28.80999947,1,1,
06:25.8,bp,12,28.80999947,1,0,
55:45.3,bp,14,28.80999947,4,0,
10:12.1,bp,18,28.80999947,3,0,
17:03.0,bp,17,28.80999947,3,0,
51:47.1,bp,13,28.80999947,1,0,
24:46.0,bp,11,28.80999947,0,0,
33:00.6,bp,10,28.80999947,0,0,
39:57.4,bp,11,28.80999947,0,0,
48:39.2,bp,10,28.80999947,0,0,
56:58.7,bp,8,28.80999947,0,0,
04:12.8,bp,11,28.80999947,0,0,
11:31.1,bp,11,28.80999947,0,0,
19:02.2,bp,7,28.80999947,0,0,
24:46.4,bp,7,28.80999947,1,0,
30:31.5,bp,7,28.80999947,1,0,
37:55.8,bp,7,28.80999947,1,0,
44:59.9,bp,7,28.80999947,1,0,
51:58.6,bp,4,28.80999947,1,0,
58:55.3,bp,4,28.80999947,1,0,
05:49.1,bp,8,28.80999947,1,1,
14:00.6,bp,12,28.80999947,2,1,
25:04.4,bp,14,28.80999947,2,1,
30:45.8,bp,11,28.80999947,2,1,
36:31.9,bp,12,28.80999947,2,1,
43:43.4,bp,13,28.80999947,2,1,
50:43.5,bp,17,28.80999947,4,1,
56:26.8,bp,22,28.80999947,5,1,
04:37.9,bp,20,28.80999947,5,1,
14:07.4,bp,17,28.80999947,3,1,
23:05.0,bp,13,28.80999947,2,0,
31:32.8,bp,14,28.80999947,4,1,
41:03.1,bp,13,28.80999947,2,0,
46:46.5,bp,11,28.80999947,2,0,
52:32.9,bp,12,28.80999947,2,0,
00:47.8,bp,15,28.80999947,1,0,
07:41.8,bp,12,28.80999947,1,0,
15:26.6,bp,14,28.80999947,1,0,
25:31.3,bp,11,28.80999947,1,0,
13:54.0,bp,13,28.80999947,4,0,
22:59.1,bp,15,28.80999947,3,0,
37:16.6,bp,12,28.80999947,0,0,
44:18.4,bp,10,28.80999947,0,0,
35:00.9,bp,25,28.80999947,3,2,
43:02.0,bp,26,28.80999947,3,2,
49:49.4,bp,24,28.80999947,4,2,
21:59.3,bp,31,28.80999947,4,0,
35:08.9,bp,25,28.80999947,2,0,
42:57.4,bp,32,28.80999947,1,0,
49:47.0,bp,28,28.80999947,0,0,
57:08.3,bp,29,28.80999947,0,0,
02:41.4,bp,31,28.80999947,3,1,
08:14.5,bp,28,28.80999947,2,1,
22:54.9,bp,20,28.80999947,1,0,
31:02.7,bp,30,29.25,2,2,
36:36.2,bp,27,29.22999954,2,1,
49:51.6,bp,22,29.27000046,2,1,
28:55.0,bp,20,29.61000061,1,0,
37:00.5,bp,18,29.58499908,1,0,
50:01.1,bp,13,29.58499908,1,0,
08:12.2,bp,22,29.54500008,3,0,
09:36.9,bp,21,29.56999969,3,0,
18:16.5,bp,16,29.56500053,2,0,
23:49.3,bp,15,29.53499985,1,2,
30:37.3,bp,15,29.49500084,1,1,
36:11.9,bp,14,29.47500038,1,1,
42:54.8,bp,15,29.4409008,1,1,
48:25.4,bp,15,29.49500084,0,1,
56:10.6,bp,12,29.54500008,0,1,
03:27.4,bp,16,29.55500031,0,0,
10:13.7,bp,13,29.55500031,0,1,
15:43.6,bp,13,29.55999947,0,1,
21:14.4,bp,17,29.55999947,0,1,
26:42.3,bp,14,29.55999947,0,1,
32:12.6,bp,11,29.55999947,0,1,
37:41.3,bp,11,29.55999947,0,1,
43:12.8,bp,12,29.55999947,1,1,
48:41.2,bp,13,29.55999947,1,1,
56:41.5,bp,16,29.55999947,1,0,
03:52.0,bp,17,29.55999947,1,0,
13:34.9,bp,16,29.55999947,1,0,
20:48.2,bp,17,29.55999947,1,1,
27:57.8,bp,21,29.55999947,1,1,
35:07.3,bp,19,29.55999947,3,1,
43:22.2,bp,16,29.55999947,1,1,20
51:40.2,bp,18,29.55999947,1,2,20
59:46.1,bp,28,29.55999947,2,3,20
08:03.9,bp,20,29.55999947,2,1,20
15:25.6,bp,14,29.55999947,1,1,20
21:15.7,bp,15,29.55999947,1,1,20
31:33.6,bp,9,29.55999947,0,1,20
40:21.1,bp,8,29.55999947,0,1,20
47:33.6,bp,8,29.55999947,0,1,20
56:18.2,bp,9,29.55999947,0,1,20
11:37.7,bp,9,29.55999947,0,1,20
17:49.4,bp,7,29.55999947,0,0,20
58:33.5,bp,4,29.55999947,0,0,20
43:01.5,bp,13,30.11000061,2,0,20
49:18.0,bp,14,30.11499977,2,0,20
57:34.0,bp,14,30.16500092,2,0,20
03:21.0,bp,15,30.17849922,1,0,20
19:56.7,bp,16,30.22999954,1,2,20
27:09.9,bp,13,30.23999977,1,2,20
40:29.9,bp,12,30.24629974,0,2,20
47:53.0,bp,11,30.20499992,0,3,20
53:44.2,bp,9,30.25,0,3,20
02:13.2,bp,15,30.26600075,0,3,20
09:29.9,bp,17,30.28499985,0,4,20
16:48.9,bp,16,30.29500008,0,4,20
24:27.4,bp,15,30.31500053,0,3,20
34:03.4,bp,12,30.31010056,0,1,20
44:53.3,bp,11,30.34000015,0,2,20
51:41.4,bp,11,30.40500069,0,3,20
59:03.3,bp,13,30.38500023,0,6,20
16:53.6,bp,13,30.40999985,1,4,20
25:43.4,bp,12,30.42000008,1,3,20
34:26.3,bp,13,30.43000031,1,3,20
40:11.7,bp,9,30.42000008,1,1,20
47:12.7,bp,9,30.45499992,2,0,20
56:03.8,bp,8,30.47500038,2,0,20
03:28.3,bp,16,30.48340034,3,0,20
10:30.0,bp,13,30.48500061,3,0,20
21:27.6,bp,7,30.47999954,2,0,20
28:32.2,bp,9,30.48999977,2,0,20
38:03.9,bp,7,30.48719978,1,0,20
46:25.1,bp,9,30.48999977,2,0,20
52:10.7,bp,8,30.49500084,2,0,20
59:27.2,bp,12,30.53000069,1,0,20
08:28.4,bp,11,30.54500008,1,0,20
15:29.6,bp,10,30.54500008,1,0,20
22:32.5,bp,8,30.55999947,1,0,20
29:52.1,bp,5,30.56999969,1,0,20
35:43.6,bp,7,30.52499962,1,1,20
41:33.8,bp,7,30.50499916,1,1,20
47:19.5,bp,8,30.55500031,0,1,20
54:23.5,bp,8,30.51499939,0,1,20
00:11.6,bp,15,30.54999924,0,3,20
09:44.5,bp,14,30.54999924,0,3,20
15:30.8,bp,14,30.54000092,0,3,20
22:31.9,bp,13,30.54000092,1,4,20
28:20.2,bp,11,30.54000092,1,2,20
34:12.7,bp,10,30.54000092,1,3,20
41:39.0,bp,9,30.54000092,1,3,20
48:45.2,bp,6,30.54000092,0,1,20
56:49.7,bp,8,30.54000092,1,1,20
02:44.8,bp,8,30.54000092,1,1,20
12:19.1,bp,9,30.54000092,1,1,20
18:17.0,bp,10,30.54000092,3,1,20
25:54.8,bp,12,30.54000092,3,1,20
36:52.5,bp,12,30.54000092,3,0,20
43:57.0,bp,11,30.54000092,2,0,20
52:07.3,bp,15,30.54000092,2,1,20
59:58.1,bp,19,30.54000092,2,1,20
07:02.0,bp,19,30.54000092,2,1,20
24:55.1,bp,15,30.54000092,0,2,20
32:19.5,bp,14,30.54000092,0,2,20
39:28.9,bp,10,30.54000092,1,2,20
45:19.7,bp,5,30.54000092,1,1,20
55:08.6,bp,5,30.54000092,1,1,20
04:51.1,bp,12,30.54000092,1,1,20
11:53.7,bp,10,30.54000092,2,0,21
20:02.2,bp,12,30.54000092,3,0,20
29:36.1,bp,12,30.54000092,3,0,20
37:57.5,bp,15,30.54000092,4,1,20
47:38.1,bp,15,30.54000092,4,1,20
54:42.7,bp,16,30.54000092,4,1,20
00:42.3,bp,16,30.54000092,5,1,20
06:32.0,bp,17,30.54000092,3,1,20
14:49.9,bp,18,30.54000092,3,1,20
21:07.3,bp,16,30.54000092,2,0,20
29:35.0,bp,17,30.54000092,2,0,20
35:25.8,bp,12,30.54000092,2,0,20
45:05.3,bp,7,30.54000092,1,0,20
52:23.1,bp,6,30.54000092,1,0,20
59:39.5,bp,8,30.54000092,1,0,20
08:20.9,bp,6,30.54000092,1,0,20
14:11.9,bp,4,30.54000092,2,0,20
23:02.9,bp,4,30.54000092,2,0,20
32:03.6,bp,5,30.54000092,2,0,20
40:59.3,bp,6,30.54000092,2,0,20
46:47.4,bp,6,30.54000092,2,0,20
53:02.0,bp,5,30.54000092,2,0,20
01:21.7,bp,5,30.54000092,2,0,20
17:34.6,bp,4,30.54000092,1,0,20
26:24.4,bp,5,30.54000092,1,0,20
33:52.3,bp,6,30.54000092,1,0,20
49:38.4,bp,4,30.54000092,0,0,20
07:46.3,bp,8,30.54000092,1,1,20
14:56.5,bp,4,30.54000092,1,0,20
21:58.7,bp,5,30.54000092,1,0,20
30:39.4,bp,5,30.54000092,1,0,20
39:13.1,bp,7,30.54000092,0,0,20
45:00.5,bp,7,30.54000092,0,0,20
52:08.5,bp,7,30.54000092,0,0,20
59:10.9,bp,10,30.54000092,2,0,20
06:15.5,bp,11,30.54000092,4,0,20
13:18.0,bp,11,30.54000092,3,0,20
19:05.4,bp,9,30.54000092,3,0,20
28:54.9,bp,6,30.54000092,1,0,20
38:27.0,bp,7,30.54000092,1,0,20
46:25.5,bp,7,30.54000092,1,0,20
57:45.5,bp,7,30.54000092,1,0,20
03:30.7,bp,9,30.54000092,1,0,20
12:05.5,bp,7,30.54000092,1,0,20
20:22.4,bp,7,30.54000092,1,0,20
27:25.7,bp,7,30.54000092,1,0,20
33:12.4,bp,6,30.54000092,3,0,20
40:58.2,bp,8,30.54000092,5,0,20
51:46.2,bp,9,30.54000092,5,0,20
59:22.5,bp,11,30.54000092,5,1,20
07:42.0,bp,10,30.54000092,4,1,20
13:29.2,bp,8,30.54000092,4,0,20
35:10.2,bp,8,30.54000092,3,1,20
49:40.1,bp,7,30.54000092,3,1,20
56:00.2,bp,7,30.54000092,3,1,20
02:15.0,bp,13,30.54000092,4,1,20
13:01.2,bp,12,30.54000092,4,1,20
20:01.4,bp,9,30.54000092,4,0,20
27:25.8,bp,9,30.54000092,4,0,20
34:26.6,bp,10,30.54000092,5,0,20
41:48.7,bp,13,30.54000092,6,1,20
51:31.6,bp,14,30.54000092,8,1,20
00:04.6,bp,14,30.54000092,7,1,20
09:39.3,bp,14,30.54000092,8,1,20
16:48.4,bp,14,30.54000092,6,1,20
25:05.5,bp,13,30.54000092,5,1,20
32:07.1,bp,13,30.54000092,4,1,20
40:04.9,bp,13,30.54000092,3,0,20
47:05.6,bp,10,30.54000092,2,0,20
55:42.7,bp,10,30.54000092,2,0,20
03:23.6,bp,16,30.54000092,4,0,20
09:08.9,bp,16,30.54000092,4,0,20
18:43.5,bp,18,30.54000092,4,0,20
24:43.1,bp,16,30.54000092,5,0,20
31:45.9,bp,14,30.54000092,3,0,20
54:32.5,bp,16,30.54000092,6,0,20
02:03.3,bp,16,30.54000092,7,1,20
11:00.6,bp,12,30.54000092,5,1,20
18:02.6,bp,12,30.54000092,5,1,20
25:06.7,bp,14,30.54000092,5,1,20
32:08.4,bp,15,30.54000092,4,1,20
41:40.8,bp,13,30.54000092,2,1,20
51:12.7,bp,10,30.54000092,0,1,20
59:29.6,bp,18,30.54000092,2,0,20
08:05.2,bp,14,30.54000092,2,0,20
15:42.6,bp,12,30.54000092,0,0,20
22:47.6,bp,11,30.54000092,0,0,20
32:20.8,bp,14,30.54000092,0,0,20
39:21.8,bp,12,30.54000092,0,0,20
49:06.7,bp,12,30.54000092,2,0,20
55:14.0,bp,12,30.54000092,2,0,20
04:01.1,bp,14,30.54000092,3,0,20
12:30.7,bp,17,30.54000092,3,0,20
19:35.6,bp,16,30.54000092,2,0,20
27:57.7,bp,17,30.54000092,3,0,20
38:00.6,bp,15,30.54000092,3,0,20
46:47.4,bp,18,30.54000092,1,1,20
53:49.7,bp,18,30.54000092,1,1,20
00:54.2,bp,20,30.54000092,3,1,20
08:42.0,bp,21,30.54000092,3,1,20
15:46.2,bp,18,30.54000092,2,1,20
24:50.4,bp,20,30.54000092,4,1,20
35:39.2,bp,17,31.08499908,3,1,20
43:57.6,bp,17,31.23999977,3,1,20
50:04.7,bp,15,31.19000053,3,0,20
59:28.4,bp,17,31.23500061,4,0,20
05:19.2,bp,25,31.27499962,11,0,20
13:49.9,bp,30,31.28499985,11,0,20
23:24.3,bp,25,31.28499985,3,0,20
31:09.9,bp,24,31.23999977,3,0,20
36:57.3,bp,21,31.22999954,3,0,20
44:07.8,bp,22,31.25009918,3,0,20
49:53.6,bp,22,31.29999924,3,0,20
58:12.5,bp,25,31.29999924,4,0,20
05:24.2,bp,26,31.32999992,4,0,20
13:33.1,bp,25,31.27000046,4,2,20
20:49.6,bp,24,31.23500061,5,2,20
29:27.9,bp,19,31.25499916,2,3,20
37:58.0,bp,21,31.31500053,3,3,20
46:32.4,bp,25,31.31500053,3,3,20
52:56.7,bp,24,31.29999924,5,3,20
00:15.7,bp,24,31.21010017,3,3,20
10:20.6,bp,28,31.23500061,3,0,20
17:23.3,bp,27,31.18499947,2,0,20
29:26.4,bp,25,31.15999985,2,0,20
40:45.9,bp,20,31.17429924,2,0,20
49:04.5,bp,21,31.16500092,0,0,20
57:28.9,bp,22,31.19499969,0,0,20
05:03.1,bp,16,31.20999908,1,0,20
12:36.3,bp,16,31.22999954,1,1,20
21:12.5,bp,18,31.30500031,2,1,20
29:31.4,bp,19,31.28499985,2,1,20
35:52.9,bp,14,31.26000023,2,1,20
44:21.5,bp,15,31.22500038,2,0,20
51:44.4,bp,13,31.15500069,2,0,20
59:07.0,bp,13,31.16500092,2,0,20
04:54.0,bp,24,31.12999916,3,0,20
12:37.2,bp,22,31.19000053,2,0,20
24:09.0,bp,24,31.21500015,3,0,20
32:24.2,bp,22,31.17499924,3,0,20
40:39.8,bp,21,31.18499947,4,0,20
47:42.8,bp,13,31.18379974,1,0,20
02:18.2,bp,18,31.18499947,3,2,20
08:07.2,bp,18,31.17000008,3,2,20
17:11.4,bp,18,31.15500069,1,2,20
27:03.4,bp,19,31.15500069,3,1,20
34:20.1,bp,17,31.17499924,3,1,20
41:24.9,bp,21,31.16500092,4,1,20
49:28.8,bp,19,31.21500015,3,1,20
56:41.5,bp,18,31.19499969,3,1,20
09:46.9,bp,14,31.20000076,3,0,20
16:49.1,bp,15,31.19000053,2,0,20
23:53.3,bp,14,31.19000053,2,0,20
29:41.5,bp,14,31.19000053,2,0,20
39:53.8,bp,14,31.19000053,2,0,20
00:14.6,bp,28,31.19000053,5,1,20
11:03.6,bp,27,31.19000053,3,1,20
16:53.4,bp,23,31.19000053,0,0,20
24:57.4,bp,21,31.19000053,0,0,20
35:05.1,bp,19,31.19000053,0,0,20
42:06.8,bp,17,31.19000053,0,0,20
50:24.1,bp,16,31.19000053,0,0,20
58:59.1,bp,14,31.19000053,1,0,20
06:04.1,bp,14,31.19000053,1,0,20
11:51.3,bp,12,31.19000053,1,0,20
19:26.6,bp,11,31.19000053,1,0,20
26:28.8,bp,10,31.19000053,0,0,20
36:12.8,bp,8,31.19000053,0,0,20
41:59.6,bp,9,31.19000053,0,0,20
49:01.5,bp,7,31.19000053,0,0,20
58:32.0,bp,11,31.19000053,1,1,20
06:11.2,bp,14,31.19000053,3,1,20
11:58.3,bp,17,31.19000053,3,2,20
17:43.2,bp,13,31.19000053,2,1,20
25:02.9,bp,14,31.19000053,2,2,20
31:29.0,bp,10,31.19000053,2,1,20
40:10.0,bp,10,31.19000053,2,1,20
47:40.0,bp,8,31.19000053,2,0,20
55:19.8,bp,11,31.19000053,3,1,20
02:55.9,bp,5,31.19000053,1,1,20
09:59.9,bp,7,31.19000053,1,1,20
18:22.8,bp,10,31.19000053,2,2,20
25:41.3,bp,11,31.19000053,2,2,20
31:37.4,bp,8,31.19000053,2,1,20
39:02.7,bp,9,31.19000053,2,1,20
45:19.2,bp,10,31.19000053,3,1,20
56:32.2,bp,11,31.19000053,3,2,20
03:34.2,bp,15,31.19000053,4,3,20
13:16.0,bp,11,31.19000053,3,1,20
21:32.3,bp,10,31.19000053,3,1,20
28:40.7,bp,7,31.19000053,1,0,20
35:51.0,bp,9,31.19000053,2,0,20
47:31.4,bp,8,31.19000053,1,0,20
55:51.4,bp,6,31.19000053,1,0,20
02:53.7,bp,7,31.19000053,2,0,20
13:24.4,bp,6,31.19000053,3,0,20
19:09.4,bp,8,31.19000053,3,0,20
25:09.5,bp,8,31.19000053,2,0,20
31:00.9,bp,7,31.19000053,1,0,20
38:46.8,bp,7,31.19000053,1,0,20
46:48.8,bp,9,31.19000053,1,0,20
00:10.8,bp,10,31.19000053,1,0,20
08:09.7,bp,11,31.19000053,1,0,20
13:57.7,bp,11,31.19000053,1,1,20
24:44.7,bp,12,31.19000053,2,1,20
37:14.5,bp,13,31.19000053,2,1,20
42:59.5,bp,10,31.19000053,2,1,20
52:32.4,bp,9,31.19000053,1,1,20
02:02.9,bp,12,31.19000053,4,2,20
07:49.7,bp,12,31.19000053,4,1,20
13:36.6,bp,13,31.19000053,4,0,20
23:36.0,bp,17,31.19000053,3,1,20
32:20.6,bp,15,31.19000053,3,1,20
40:01.3,bp,15,31.19000053,3,1,20
47:42.3,bp,15,31.19000053,3,1,20
56:08.2,bp,12,31.19000053,1,1,20
01:54.2,bp,11,31.19000053,2,2,20
10:12.5,bp,12,31.19000053,3,2,20
17:35.9,bp,10,31.19000053,1,1,20
27:06.0,bp,9,31.19000053,1,1,20
37:06.2,bp,9,31.19000053,2,1,20
47:15.4,bp,10,31.19000053,2,1,20
00:31.1,bp,10,31.19000053,3,0,20
09:21.7,bp,9,31.19000053,4,0,20
29:57.6,bp,10,31.19000053,4,0,20
36:04.7,bp,8,31.19000053,2,0,20
43:23.2,bp,7,31.19000053,2,0,20
52:40.2,bp,9,31.19000053,2,0,20
59:40.7,bp,8,31.19000053,1,0,20
05:42.5,bp,10,31.19000053,1,0,20
13:58.3,bp,10,31.19000053,1,0,20
23:28.7,bp,9,31.19000053,0,1,20
31:15.2,bp,7,31.19000053,0,2,20
39:33.5,bp,6,31.19000053,0,2,20
47:56.8,bp,7,31.19000053,0,2,20
56:44.0,bp,7,31.19000053,0,2,20
12:08.2,bp,6,31.19000053,0,2,20
24:07.8,bp,3,31.19000053,0,0,20
31:12.1,bp,2,31.19000053,0,0,20
40:37.5,bp,2,31.19000053,0,0,20
48:04.3,bp,2,31.19000053,0,0,20
56:22.9,bp,4,31.19000053,0,0,20
03:23.3,bp,8,31.19000053,1,1,20
11:40.6,bp,7,31.19000053,1,0,20
18:57.8,bp,7,31.19000053,1,1,20
24:46.8,bp,6,31.19000053,1,1,20
34:52.3,bp,8,31.19000053,1,0,20
43:08.0,bp,6,31.19000053,1,0,20
50:24.7,bp,7,31.19000053,2,0,20
57:25.2,bp,7,31.19000053,2,0,20
04:24.1,bp,17,31.19000053,3,1,20
10:11.8,bp,15,31.19000053,3,2,20
15:56.6,bp,18,31.19000053,4,1,20
22:58.2,bp,17,31.19000053,4,2,20
30:00.8,bp,16,31.19000053,4,4,20
38:20.1,bp,16,31.19000053,3,3,20
47:56.3,bp,13,31.19000053,1,3,20
55:21.7,bp,9,31.19000053,1,2,20
01:08.0,bp,16,31.19000053,3,3,20
22:43.7,bp,16,31.19000053,2,4,20
30:01.5,bp,17,31.19000053,2,2,20
36:17.7,bp,16,31.19000053,1,2,20
46:39.5,bp,18,31.19000053,2,2,20
52:26.3,bp,18,31.19000053,3,2,20
59:28.1,bp,13,31.19000053,1,1,20
06:31.3,bp,11,31.19000053,2,0,20
13:32.2,bp,16,31.19000053,2,3,20
23:06.5,bp,23,31.19000053,2,4,20
31:24.2,bp,22,31.19000053,3,4,20
40:08.4,bp,20,31.19000053,3,4,20
48:23.7,bp,17,31.19000053,2,4,20
56:43.0,bp,24,31.19000053,4,4,20
07:31.0,bp,17,31.19000053,4,1,20
15:51.2,bp,18,31.19000053,3,1,20
26:51.4,bp,16,31.19000053,3,2,20
35:09.6,bp,15,31.32500076,3,2,20
43:19.8,bp,15,31.29999924,3,2,20
49:05.6,bp,15,31.29999924,1,2,20
54:55.1,bp,14,31.42989922,1,2,20
02:48.0,bp,18,31.51499939,3,1,20
09:52.9,bp,16,31.50499916,3,1,20
15:41.8,bp,18,31.47500038,3,1,20
21:45.5,bp,19,31.43000031,3,1,20
28:48.3,bp,20,31.43129921,3,1,20
36:20.7,bp,22,31.39500046,4,1,20
42:19.2,bp,22,31.375,3,1,20
51:08.8,bp,21,31.37000084,3,1,20
59:27.5,bp,21,31.44000053,3,1,20
08:07.3,bp,19,31.48839951,1,1,20
15:12.1,bp,11,31.52499962,2,0,20
26:03.1,bp,9,31.56500053,2,0,20
34:22.8,bp,9,31.54500008,2,0,20
41:24.5,bp,12,31.55340004,2,0,20
47:30.2,bp,12,31.56999969,1,0,20
55:18.6,bp,12,31.55500031,2,0,20
02:22.2,bp,16,31.53499985,4,1,20
09:27.2,bp,16,31.53800011,3,1,20
15:35.4,bp,16,31.39500046,2,0,20
24:11.1,bp,14,31.42499924,1,0,20
37:49.8,bp,10,31.41399956,0,0,20
52:22.7,bp,11,31.34499931,1,1,20
00:24.0,bp,15,31.40999985,2,2,20
06:14.0,bp,14,31.42499924,1,2,20
13:44.5,bp,10,31.46500015,1,2,20
23:37.5,bp,11,31.5196991,1,2,20
31:57.5,bp,11,31.50499916,1,2,20
39:08.0,bp,11,31.52499962,2,2,20
46:51.9,bp,9,31.54000092,1,1,20
53:55.3,bp,9,31.51499939,2,0,20
00:59.3,bp,18,31.55990028,4,1,20
09:28.3,bp,14,31.50200081,4,2,20
16:47.7,bp,13,31.45999908,3,2,20
22:37.4,bp,10,31.5,3,2,20
29:46.3,bp,14,31.47500038,4,2,20
35:56.5,bp,13,31.45499992,3,2,20
43:46.3,bp,13,31.40999985,2,3,20
53:20.4,bp,11,31.45400047,1,3,20
03:05.7,bp,14,31.38999939,1,3,20
13:15.7,bp,12,31.31500053,1,3,20
19:03.5,bp,12,31.32500076,2,3,20
24:54.3,bp,11,31.29500008,2,3,20
32:25.0,bp,10,31.29500008,1,2,20
41:04.6,bp,11,31.26000023,1,0,20
48:07.3,bp,11,31.20999908,1,0,20
57:39.4,bp,11,31.20499992,1,1,20
05:58.7,bp,14,31.21999931,1,2,20
14:17.1,bp,14,31.22999954,1,2,20
20:06.8,bp,13,31.21999931,1,2,20
28:33.1,bp,14,31.21999931,1,3,20
36:51.2,bp,11,31.21999931,1,2,20
42:38.7,bp,11,31.21999931,1,3,20
50:13.2,bp,9,31.21999931,1,2,20
09:37.0,bp,11,31.21999931,0,2,20
18:19.6,bp,12,31.21999931,0,2,20
27:16.9,bp,6,31.21999931,0,1,20
36:18.5,bp,5,31.21999931,0,1,20
43:31.3,bp,7,31.21999931,0,1,20
53:04.0,bp,10,31.21999931,1,3,20
58:51.4,bp,11,31.21999931,1,2,20
04:39.9,bp,16,31.21999931,2,2,20
12:37.8,bp,16,31.21999931,2,2,20
20:30.9,bp,12,31.21999931,1,1,20
29:17.2,bp,11,31.21999931,1,0,20
39:58.2,bp,10,31.21999931,1,0,20
45:44.2,bp,6,31.21999931,0,0,20
53:23.8,bp,7,31.21999931,0,0,20
00:53.4,bp,12,31.21999931,1,0,20
10:26.7,bp,12,31.21999931,3,0,20
20:01.3,bp,10,31.21999931,3,0,20
28:28.0,bp,9,31.21999931,2,0,20
38:54.9,bp,8,31.21999931,2,0,20
46:47.8,bp,5,31.21999931,2,0,20
55:28.9,bp,6,31.21999931,2,0,20
03:45.9,bp,9,31.21999931,2,1,20
09:35.0,bp,9,31.21999931,0,2,20
15:22.9,bp,10,31.21999931,0,2,20
22:26.1,bp,10,31.21999931,0,1,20
29:36.2,bp,11,31.21999931,0,1,20
38:14.9,bp,8,31.21999931,0,0,20
44:02.1,bp,7,31.21999931,0,0,20
51:03.2,bp,7,31.21999931,0,0,20
56:50.7,bp,7,31.21999931,0,1,20
15:09.4,bp,8,31.21999931,0,1,20
22:30.7,bp,7,31.21999931,0,1,20
30:42.1,bp,6,31.21999931,0,1,20
39:46.6,bp,5,31.21999931,0,1,20
45:34.4,bp,6,31.21999931,0,1,20
52:37.6,bp,8,31.21999931,0,0,20
00:54.9,bp,12,31.21999931,0,1,20
11:47.2,bp,9,31.21999931,0,1,20
19:57.8,bp,9,31.21999931,0,1,20
25:45.8,bp,8,31.21999931,0,1,20
31:33.9,bp,6,31.21999931,0,0,20
39:11.7,bp,6,31.21999931,0,0,20
49:16.3,bp,5,31.21999931,0,0,20
56:15.8,bp,5,31.21999931,0,0,20
03:17.9,bp,6,31.21999931,0,0,20
09:05.4,bp,7,31.21999931,0,0,20
14:59.3,bp,7,31.21999931,0,0,20
22:01.8,bp,8,31.21999931,0,0,20
33:54.5,bp,7,31.21999931,0,0,20
43:24.8,bp,8,31.21999931,0,0,20
49:10.9,bp,9,31.21999931,0,0,20
58:41.8,bp,18,31.21999931,0,0,20
05:47.4,bp,16,31.21999931,0,0,20
11:33.9,bp,14,31.21999931,0,0,20
19:50.2,bp,13,31.21999931,0,0,20
29:40.6,bp,11,31.21999931,0,0,20
39:13.2,bp,9,31.21999931,0,0,20
45:00.2,bp,8,31.21999931,0,0,20
05:43.9,bp,9,31.21999931,0,1,20
14:23.8,bp,11,31.21999931,0,0,20
21:24.6,bp,11,31.21999931,0,0,20
28:44.5,bp,11,31.21999931,0,0,20
35:44.9,bp,10,31.21999931,0,0,20
45:41.6,bp,12,31.21999931,0,0,20
53:58.5,bp,9,31.21999931,0,0,20
02:17.5,bp,7,31.21999931,2,0,20
09:33.9,bp,8,31.21999931,1,0,20
16:36.6,bp,9,31.21999931,1,0,20
23:07.2,bp,10,31.21999931,1,0,20
39:07.0,bp,8,31.21999931,0,0,20
46:45.7,bp,8,31.21999931,0,0,20
53:45.5,bp,8,31.21999931,0,0,20
00:45.9,bp,7,31.21999931,0,0,20
08:06.2,bp,5,31.21999931,0,0,20
14:29.5,bp,6,31.21999931,0,0,20
20:19.1,bp,5,31.21999931,0,0,20
26:05.5,bp,5,31.21999931,0,0,20
33:30.7,bp,3,31.21999931,0,0,20
42:21.4,bp,4,31.21999931,0,0,20
48:11.6,bp,5,31.21999931,1,1,20
53:59.8,bp,7,31.21999931,1,1,20
59:54.6,bp,10,31.21999931,1,1,20
06:57.4,bp,12,31.21999931,2,1,20
18:59.7,bp,10,31.21999931,3,4,20
27:02.0,bp,6,31.21999931,1,1,20
34:45.2,bp,9,31.21999931,1,1,20
42:12.0,bp,10,31.21999931,1,1,20
49:13.2,bp,10,31.21999931,1,1,20
01:16.9,bp,14,31.21999931,1,2,20
09:26.7,bp,16,31.21999931,1,2,20
16:48.2,bp,15,31.21999931,0,1,20
29:04.6,bp,17,31.21999931,0,1,20
37:22.3,bp,14,31.21999931,0,1,20
45:25.9,bp,12,31.21999931,0,1,20
53:03.8,bp,11,31.21999931,1,1,20
00:20.9,bp,13,31.21999931,2,2,20
07:24.4,bp,13,31.21999931,1,1,20
16:55.5,bp,12,31.21999931,1,1,20
25:33.8,bp,10,31.21999931,1,0,20
31:20.7,bp,13,31.21999931,1,0,20
37:08.6,bp,15,31.21999931,2,0,20
56:53.4,bp,14,31.21999931,1,0,20
05:09.6,bp,23,31.21999931,1,0,20
12:36.5,bp,21,31.21999931,1,0,20
20:48.2,bp,18,31.21999931,2,0,20
30:21.6,bp,14,31.21999931,3,0,20
38:54.9,bp,12,31.21999931,2,1,20
46:15.9,bp,14,31.21999931,3,1,20
55:47.6,bp,14,31.21999931,2,1,20
03:09.2,bp,16,31.21999931,4,1,20
12:41.6,bp,17,31.21999931,3,1,20
20:05.7,bp,17,31.21999931,2,1,20
27:18.5,bp,16,31.21999931,1,1,20
35:47.6,bp,15,31.21999931,1,1,20
44:20.3,bp,15,31.21999931,0,1,20
52:00.0,bp,14,31.21999931,0,1,20
59:04.6,bp,13,31.21999931,0,1,20
07:23.3,bp,17,31.21999931,3,1,20
14:54.7,bp,14,31.21999931,1,1,20
24:28.0,bp,17,31.21999931,1,1,20
34:04.8,bp,19,31.75499916,2,0,20
44:33.6,bp,16,31.83499908,3,0,20
52:23.0,bp,13,31.91480064,3,0,20
01:55.3,bp,14,31.94499969,5,0,20
14:07.9,bp,21,32.00999832,5,0,20
22:25.0,bp,23,31.87999916,6,0,20
33:25.3,bp,17,31.95999908,5,0,20
42:00.6,bp,13,31.95999908,2,0,20
47:50.1,bp,13,31.90169907,2,0,20
55:38.6,bp,14,31.875,2,0,20
02:49.7,bp,12,31.89999962,1,0,20
12:31.8,bp,12,31.93499947,1,0,20
18:23.7,bp,13,31.87010002,1,1,20
24:13.0,bp,10,31.83099937,1,1,20
32:20.4,bp,9,31.83499908,1,1,20
42:04.9,bp,11,31.70000076,2,1,20
50:24.7,bp,9,31.78000069,2,3,20
01:11.4,bp,16,31.74500084,1,2,20
11:52.9,bp,19,31.75499916,1,4,20
21:25.0,bp,18,31.7446003,1,3,20
28:59.7,bp,17,31.75,1,3,20
37:17.9,bp,13,31.72999954,0,1,20
44:53.2,bp,16,31.75499916,0,1,20
50:41.2,bp,13,31.73500061,0,1,20
57:42.9,bp,11,31.77499962,0,1,20
05:02.1,bp,13,31.78499985,1,1,20
15:24.2,bp,10,31.7689991,1,1,20
22:41.0,bp,11,31.78370094,1,1,20
31:59.3,bp,10,31.82500076,0,1,20
39:14.8,bp,9,31.84499931,0,0,20
46:57.3,bp,8,31.86499977,0,0,20
54:49.0,bp,9,31.88500023,0,0,20
02:04.2,bp,12,31.95499992,1,1,20
12:57.2,bp,12,31.96500015,1,3,20
20:41.6,bp,11,31.95499992,1,3,20
28:01.7,bp,15,31.9204998,2,3,20
37:23.6,bp,11,31.97570038,1,2,20
43:12.5,bp,10,31.92499924,1,2,20
07:29.6,bp,14,31.97500038,2,2,20
15:47.2,bp,9,32.02389908,2,0,20
24:10.4,bp,9,32.03499985,1,0,20
31:41.8,bp,10,32,2,0,20
39:13.3,bp,9,32.02399826,1,0,20
48:09.6,bp,8,32.02000046,1,1,20
53:59.3,bp,9,32.03499985,1,1,20
59:47.3,bp,16,32.04000092,2,2,20
07:22.7,bp,11,32.04000092,1,1,20
19:33.2,bp,8,32.04000092,0,1,20
29:07.4,bp,7,32.04000092,0,1,20
37:14.2,bp,7,32.04000092,0,0,20
46:52.6,bp,7,32.04000092,1,0,20
53:57.5,bp,9,32.04000092,1,0,20
59:44.1,bp,14,32.04000092,0,0,20
12:04.9,bp,18,32.04000092,0,0,20
21:44.5,bp,17,32.04000092,1,0,20
31:23.6,bp,15,32.04000092,1,0,20
38:44.3,bp,12,32.04000092,1,0,20
58:24.5,bp,12,32.04000092,1,0,20
05:27.8,bp,8,32.04000092,2,0,20
15:47.8,bp,8,32.04000092,2,0,20
21:36.0,bp,8,32.04000092,3,0,202022-01-14 16:31:07.797265,bp,9,32.040000915527344,3,0,20
2022-01-14 16:39:25.562883,bp,7,32.040000915527344,3,0,20
2022-01-14 16:50:10.077543,bp,5,32.040000915527344,2,0,20
2022-01-14 17:05:21.331899,bp,13,32.040000915527344,3,3,20
2022-01-14 17:14:26.632404,bp,8,32.040000915527344,1,1,20
2022-01-14 17:22:44.168109,bp,9,32.040000915527344,1,1,20
2022-01-14 17:32:16.570152,bp,8,32.040000915527344,1,1,20
2022-01-14 17:40:59.092512,bp,9,32.040000915527344,1,1,20
2022-01-14 17:48:23.911729,bp,11,32.040000915527344,1,1,20
2022-01-14 17:54:13.558236,bp,8,32.040000915527344,0,0,20
2022-01-14 18:01:39.916520,bp,10,32.040000915527344,0,2,20
2022-01-14 18:11:19.442360,bp,12,32.040000915527344,0,2,20
2022-01-14 18:20:41.902302,bp,9,32.040000915527344,0,2,20
2022-01-14 18:27:42.664125,bp,10,32.040000915527344,1,1,20
2022-01-14 18:35:58.994952,bp,9,32.040000915527344,1,0,20
2022-01-14 18:43:29.569267,bp,8,32.040000915527344,1,0,20
2022-01-14 18:49:21.432081,bp,6,32.040000915527344,1,0,20
2022-01-14 18:57:38.615620,bp,5,32.040000915527344,1,0,20
2022-01-14 19:05:37.764293,bp,5,32.040000915527344,1,0,20
2022-01-14 19:16:25.582266,bp,8,32.040000915527344,1,0,20
2022-01-14 19:24:17.493555,bp,9,32.040000915527344,0,0,20
2022-01-14 19:31:48.425523,bp,8,32.040000915527344,0,0,20
2022-01-14 19:49:00.918181,bp,9,32.040000915527344,0,0,20
2022-01-14 20:03:25.940648,bp,7,32.040000915527344,0,0,20
2022-01-14 20:11:42.702467,bp,8,32.040000915527344,2,0,20
2022-01-14 20:18:55.082999,bp,7,32.040000915527344,2,0,20
2022-01-14 20:28:37.818039,bp,8,32.040000915527344,2,0,20
2022-01-14 20:38:11.945529,bp,9,32.040000915527344,3,0,20
2022-01-14 20:45:16.112247,bp,8,32.040000915527344,2,0,20
2022-01-14 20:51:23.739901,bp,8,32.040000915527344,2,0,20
2022-01-14 21:02:10.265467,bp,10,32.040000915527344,1,1,20
2022-01-14 21:09:42.227285,bp,12,32.040000915527344,1,1,20
2022-01-14 21:17:14.594375,bp,11,32.040000915527344,1,1,20
2022-01-14 21:28:19.568849,bp,10,32.040000915527344,1,1,20
2022-01-14 21:37:49.919366,bp,7,32.040000915527344,0,1,20
2022-01-14 21:44:55.834549,bp,6,32.040000915527344,0,1,20
2022-01-14 21:53:12.344038,bp,5,32.040000915527344,0,1,20
2022-01-14 21:58:58.805094,bp,6,32.040000915527344,0,0,20
2022-01-14 22:08:31.449156,bp,10,32.040000915527344,0,1,20
2022-01-14 22:16:48.529285,bp,10,32.040000915527344,0,1,20
2022-01-14 22:24:56.576768,bp,10,32.040000915527344,1,2,20
2022-01-14 22:33:14.095984,bp,9,32.040000915527344,1,2,20
2022-01-14 22:41:37.876168,bp,9,32.040000915527344,1,2,20
2022-01-14 22:47:36.209849,bp,11,32.040000915527344,1,2,20
2022-01-14 22:56:24.442630,bp,7,32.040000915527344,1,2,20
2022-01-14 23:03:50.062491,bp,8,32.040000915527344,2,2,20
2022-01-14 23:11:03.102925,bp,5,32.040000915527344,1,1,20
2022-01-14 23:19:43.976537,bp,5,32.040000915527344,1,1,20
2022-01-14 23:26:56.581053,bp,4,32.040000915527344,1,0,20
2022-01-14 23:34:28.694746,bp,3,32.040000915527344,1,0,20
2022-01-14 23:41:30.761639,bp,2,32.040000915527344,1,0,20
2022-01-14 23:50:19.172444,bp,4,32.040000915527344,1,1,20
2022-01-14 23:57:27.505620,bp,4,32.040000915527344,0,1,20
2022-01-15 00:04:46.593766,bp,7,32.040000915527344,0,1,20
2022-01-15 00:12:43.956916,bp,11,32.040000915527344,1,0,20
2022-01-15 00:19:45.921711,bp,12,32.040000915527344,1,0,20
2022-01-15 00:27:38.863492,bp,11,32.040000915527344,1,0,20
2022-01-15 00:36:38.474536,bp,11,32.040000915527344,2,0,20
2022-01-15 00:44:15.484693,bp,11,32.040000915527344,1,0,20
2022-01-15 00:52:34.324935,bp,8,32.040000915527344,1,0,20
2022-01-15 01:00:51.947708,bp,11,32.040000915527344,1,0,20
2022-01-15 01:06:38.485018,bp,11,32.040000915527344,0,1,20
2022-01-15 01:17:47.558786,bp,8,32.040000915527344,0,1,20
2022-01-15 01:24:47.506680,bp,9,32.040000915527344,0,1,20
2022-01-15 01:34:17.908230,bp,8,32.040000915527344,1,1,20
2022-01-15 01:41:24.336026,bp,12,32.040000915527344,1,1,20
2022-01-15 01:47:11.825295,bp,11,32.040000915527344,1,1,20
2022-01-15 01:52:58.560651,bp,11,32.040000915527344,1,1,20
2022-01-15 02:00:35.110881,bp,12,32.040000915527344,2,1,20
2022-01-15 02:08:12.289518,bp,9,32.040000915527344,1,1,20
2022-01-15 02:16:45.620614,bp,8,32.040000915527344,1,0,20
2022-01-15 02:23:55.181314,bp,6,32.040000915527344,1,0,20
2022-01-15 02:30:54.744087,bp,4,32.040000915527344,0,0,20
2022-01-15 02:38:36.785369,bp,1,32.040000915527344,0,0,20
2022-01-15 02:49:23.904298,bp,1,32.040000915527344,0,0,20
2022-01-15 03:04:55.387554,bp,10,32.040000915527344,0,2,20
2022-01-15 03:14:27.678605,bp,9,32.040000915527344,0,0,20
2022-01-15 03:21:50.040721,bp,8,32.040000915527344,0,0,20
2022-01-15 03:38:53.105452,bp,6,32.040000915527344,0,0,20
2022-01-15 03:47:34.280934,bp,6,32.040000915527344,0,0,20
2022-01-15 03:55:13.202839,bp,5,32.040000915527344,0,0,20
2022-01-15 04:05:14.011069,bp,7,32.040000915527344,0,0,20
2022-01-15 04:12:36.004875,bp,5,32.040000915527344,0,0,20
2022-01-15 04:18:22.006696,bp,7,32.040000915527344,0,1,20
2022-01-15 04:27:32.818086,bp,6,32.040000915527344,0,1,20
2022-01-15 04:33:48.900089,bp,2,32.040000915527344,0,1,20
2022-01-15 04:42:50.769762,bp,5,32.040000915527344,1,1,20
2022-01-15 04:51:09.845936,bp,7,32.040000915527344,0,3,20
2022-01-15 04:58:12.650557,bp,6,32.040000915527344,0,3,20
2022-01-15 05:07:47.516938,bp,10,32.040000915527344,0,3,20
2022-01-15 05:14:05.096303,bp,12,32.040000915527344,0,4,20
2022-01-15 05:21:15.396578,bp,11,32.040000915527344,0,4,20
2022-01-15 05:29:32.489485,bp,11,32.040000915527344,1,3,20
2022-01-15 05:35:21.455270,bp,11,32.040000915527344,2,2,20
2022-01-15 05:42:52.424578,bp,10,32.040000915527344,2,3,20
2022-01-15 05:48:39.992235,bp,11,32.040000915527344,2,4,20
2022-01-15 05:55:44.852456,bp,9,32.040000915527344,3,3,20
2022-01-15 06:04:02.167420,bp,12,32.040000915527344,6,4,20
2022-01-15 06:12:57.484592,bp,11,32.040000915527344,5,3,20
2022-01-15 06:29:40.878343,bp,11,32.040000915527344,3,1,20
2022-01-15 06:35:30.132027,bp,9,32.040000915527344,3,0,20
2022-01-15 06:43:45.284764,bp,9,32.040000915527344,2,0,20
2022-01-15 06:52:23.250131,bp,8,32.040000915527344,2,0,20
2022-01-15 07:02:55.944574,bp,8,32.040000915527344,0,0,20
2022-01-15 07:08:44.974171,bp,9,32.040000915527344,0,0,20
2022-01-15 07:17:08.512136,bp,7,32.040000915527344,0,0,20
2022-01-15 07:24:39.694686,bp,5,32.040000915527344,0,0,20
2022-01-15 07:35:20.607945,bp,4,32.040000915527344,0,0,20
2022-01-15 07:45:17.803045,bp,6,32.040000915527344,0,0,20
2022-01-15 07:51:26.493923,bp,5,32.040000915527344,0,0,20
2022-01-15 07:57:23.440217,bp,5,32.040000915527344,0,0,20
2022-01-15 08:05:01.914339,bp,8,32.040000915527344,1,0,20
2022-01-15 08:12:04.122389,bp,6,32.040000915527344,1,0,20
2022-01-15 08:17:52.255638,bp,6,32.040000915527344,1,0,20
2022-01-15 08:23:38.507047,bp,5,32.040000915527344,1,0,20
2022-01-15 08:31:08.044923,bp,5,32.040000915527344,0,0,20
2022-01-15 08:39:24.348587,bp,3,32.040000915527344,0,0,20
2022-01-15 08:47:56.033912,bp,3,32.040000915527344,0,0,20
2022-01-15 09:02:27.925459,bp,3,32.040000915527344,0,1,20
2022-01-15 09:09:44.579058,bp,6,32.040000915527344,1,1,20
2022-01-15 09:16:51.021403,bp,5,32.040000915527344,1,1,20
2022-01-15 09:22:39.648877,bp,5,32.040000915527344,1,1,20
2022-01-15 09:30:59.031536,bp,4,32.040000915527344,1,1,20
2022-01-15 09:39:48.891346,bp,5,32.040000915527344,1,1,20
2022-01-15 09:48:21.187417,bp,4,32.040000915527344,1,1,20
2022-01-15 09:54:23.954420,bp,4,32.040000915527344,1,1,20
2022-01-15 10:00:13.019508,bp,7,32.040000915527344,1,1,20
2022-01-15 10:07:17.768028,bp,5,32.040000915527344,1,0,20
2022-01-15 10:18:07.718763,bp,5,32.040000915527344,0,0,20
2022-01-15 10:24:12.026761,bp,3,32.040000915527344,0,0,20
2022-01-15 10:30:26.708292,bp,3,32.040000915527344,0,0,20
2022-01-15 10:40:21.273374,bp,4,32.040000915527344,1,0,20
2022-01-15 10:49:58.652585,bp,5,32.040000915527344,2,0,20
2022-01-15 11:01:12.537558,bp,5,32.040000915527344,2,0,20
2022-01-15 11:07:09.637618,bp,4,32.040000915527344,2,0,20
2022-01-15 11:12:57.094136,bp,7,32.040000915527344,2,0,20
2022-01-15 11:20:03.882459,bp,8,32.040000915527344,2,0,20
2022-01-15 11:27:16.288879,bp,6,32.040000915527344,0,0,20
2022-01-15 11:38:38.527609,bp,5,32.040000915527344,0,0,20
2022-01-15 11:44:27.406163,bp,6,32.040000915527344,0,0,20
2022-01-15 11:51:28.272006,bp,7,32.040000915527344,0,0,20
2022-01-15 11:58:32.829625,bp,9,32.040000915527344,0,0,20
2022-01-15 12:09:19.499376,bp,9,32.040000915527344,0,0,20
2022-01-15 12:16:41.397070,bp,7,32.040000915527344,0,0,20
2022-01-15 12:24:13.706061,bp,8,32.040000915527344,0,0,20
2022-01-15 12:31:47.621013,bp,7,32.040000915527344,0,0,20
2022-01-15 12:41:19.589365,bp,3,32.040000915527344,0,0,20
2022-01-15 12:49:09.132921,bp,6,32.040000915527344,0,2,20
2022-01-15 12:56:13.081491,bp,5,32.040000915527344,0,2,20
2022-01-15 13:02:24.393127,bp,4,32.040000915527344,0,2,20
2022-01-15 13:09:56.883926,bp,5,32.040000915527344,1,2,20
2022-01-15 13:18:49.908065,bp,5,32.040000915527344,1,2,20
2022-01-15 13:27:10.871445,bp,4,32.040000915527344,1,2,20
2022-01-15 13:41:28.267326,bp,2,32.040000915527344,1,0,20
2022-01-15 13:49:43.514194,bp,3,32.040000915527344,1,1,20
2022-01-15 13:59:55.471550,bp,3,32.040000915527344,0,1,20
2022-01-15 14:05:43.592203,bp,5,32.040000915527344,0,2,20
2022-01-15 14:15:27.443168,bp,7,32.040000915527344,0,2,20
2022-01-15 14:22:45.848376,bp,8,32.040000915527344,0,2,20
2022-01-15 14:28:32.688927,bp,8,32.040000915527344,0,2,20
2022-01-15 14:35:37.519117,bp,9,32.040000915527344,0,2,20
2022-01-15 14:42:36.879320,bp,7,32.040000915527344,0,2,20
2022-01-15 14:49:35.815396,bp,5,32.040000915527344,0,1,20
2022-01-15 14:57:50.335738,bp,4,32.040000915527344,0,1,20
2022-01-15 15:04:52.509483,bp,4,32.040000915527344,0,1,20
2022-01-15 15:18:25.767627,bp,4,32.040000915527344,0,1,20
2022-01-15 15:25:48.070491,bp,5,32.040000915527344,0,0,20
2022-01-15 15:31:35.067293,bp,6,32.040000915527344,0,0,20
2022-01-15 15:37:38.128513,bp,6,32.040000915527344,0,0,20
2022-01-15 15:44:38.210537,bp,7,32.040000915527344,0,0,20
2022-01-15 15:55:27.614903,bp,5,32.040000915527344,1,0,20
2022-01-15 16:04:05.260450,bp,8,32.040000915527344,4,0,20
2022-01-15 16:11:39.115797,bp,9,32.040000915527344,4,0,20
2022-01-15 16:21:33.758764,bp,9,32.040000915527344,4,0,20
2022-01-15 16:29:49.441968,bp,7,32.040000915527344,3,0,20
2022-01-15 16:38:05.283980,bp,8,32.040000915527344,3,0,20
2022-01-15 16:45:19.377629,bp,8,32.040000915527344,3,0,20
2022-01-15 16:52:39.019380,bp,7,32.040000915527344,2,0,20
2022-01-15 17:02:10.356516,bp,6,32.040000915527344,1,0,20
2022-01-15 17:10:26.351183,bp,5,32.040000915527344,0,0,20
2022-01-15 17:27:27.554038,bp,4,32.040000915527344,0,0,20
2022-01-15 17:35:44.859112,bp,4,32.040000915527344,0,0,20
2022-01-15 17:44:40.877872,bp,2,32.040000915527344,0,0,20
2022-01-15 18:00:39.817610,bp,3,32.040000915527344,0,1,20
2022-01-15 18:07:52.532719,bp,3,32.040000915527344,0,1,20
2022-01-15 18:17:24.532007,bp,4,32.040000915527344,0,1,20
2022-01-15 18:24:26.175191,bp,3,32.040000915527344,0,1,20
2022-01-15 18:33:06.709575,bp,3,32.040000915527344,0,1,20
2022-01-15 18:40:41.009481,bp,4,32.040000915527344,0,1,20
2022-01-15 18:46:27.541264,bp,4,32.040000915527344,0,1,20
2022-01-15 18:55:06.038967,bp,4,32.040000915527344,0,1,20
2022-01-15 19:04:35.410808,bp,4,32.040000915527344,0,0,20
2022-01-15 19:10:18.134634,bp,7,32.040000915527344,1,0,20
2022-01-15 19:32:07.696137,bp,6,32.040000915527344,1,0,20
2022-01-15 19:37:54.983861,bp,5,32.040000915527344,1,0,20
2022-01-15 19:46:12.685844,bp,5,32.040000915527344,1,0,20
2022-01-15 19:53:14.629895,bp,5,32.040000915527344,1,0,20
2022-01-15 20:00:14.992457,bp,5,32.040000915527344,1,0,20
2022-01-15 20:07:55.118667,bp,4,32.040000915527344,1,0,20
2022-01-15 20:16:49.697933,bp,7,32.040000915527344,1,1,20
2022-01-15 20:25:32.143002,bp,7,32.040000915527344,1,1,20
2022-01-15 20:31:21.463097,bp,7,32.040000915527344,1,1,20
2022-01-15 20:37:18.981623,bp,7,32.040000915527344,1,1,20
2022-01-15 20:46:55.915535,bp,8,32.040000915527344,1,1,20
2022-01-15 20:55:11.116023,bp,7,32.040000915527344,1,1,20
2022-01-15 21:02:46.055976,bp,5,32.040000915527344,0,1,20
2022-01-15 21:14:31.278011,bp,3,32.040000915527344,0,0,20
2022-01-15 21:21:31.142907,bp,4,32.040000915527344,0,0,20
2022-01-15 21:32:33.740078,bp,3,32.040000915527344,0,0,20
2022-01-15 21:43:20.378311,bp,2,32.040000915527344,0,0,20
2022-01-15 21:55:19.347208,bp,0,32.040000915527344,0,0,20
2022-01-15 22:02:21.014796,bp,2,32.040000915527344,0,1,20
2022-01-15 22:10:09.027373,bp,4,32.040000915527344,1,1,20
2022-01-15 22:19:41.165663,bp,4,32.040000915527344,1,1,20
2022-01-15 22:26:58.066305,bp,4,32.040000915527344,1,1,20
2022-01-15 22:33:59.292766,bp,4,32.040000915527344,2,1,20
2022-01-15 22:43:11.622747,bp,4,32.040000915527344,2,1,20
2022-01-15 22:50:29.839679,bp,3,32.040000915527344,2,1,20
2022-01-15 23:05:00.431644,bp,6,32.040000915527344,2,2,20
2022-01-15 23:15:45.470430,bp,6,32.040000915527344,2,2,20
2022-01-15 23:23:37.779448,bp,6,32.040000915527344,2,2,20
2022-01-15 23:29:46.713264,bp,2,32.040000915527344,0,0,20
2022-01-15 23:38:12.099965,bp,3,32.040000915527344,0,1,20
2022-01-15 23:46:26.415367,bp,2,32.040000915527344,0,0,20
2022-01-16 00:07:49.919357,bp,2,32.040000915527344,1,0,20
2022-01-16 00:15:12.310367,bp,3,32.040000915527344,1,1,20
2022-01-16 00:22:55.668827,bp,4,32.040000915527344,1,1,20
2022-01-16 00:31:34.254316,bp,6,32.040000915527344,1,1,20
2022-01-16 00:42:19.687004,bp,6,32.040000915527344,1,1,20
2022-01-16 00:53:13.226540,bp,6,32.040000915527344,1,1,20
2022-01-16 01:05:08.087425,bp,5,32.040000915527344,0,1,20
2022-01-16 01:13:51.442579,bp,6,32.040000915527344,1,2,20
2022-01-16 01:22:30.007132,bp,9,32.040000915527344,2,0,20
2022-01-16 01:28:32.307005,bp,8,32.040000915527344,2,0,20
2022-01-16 01:36:48.291886,bp,8,32.040000915527344,2,0,20
2022-01-16 01:54:58.751365,bp,7,32.040000915527344,2,0,20
2022-01-16 02:03:31.976508,bp,9,32.040000915527344,3,1,20
2022-01-16 02:14:16.040688,bp,6,32.040000915527344,2,1,20
2022-01-16 02:22:29.859708,bp,4,32.040000915527344,1,0,20
2022-01-16 02:33:16.049707,bp,5,32.040000915527344,2,0,20
2022-01-16 02:40:17.501556,bp,4,32.040000915527344,1,0,20
2022-01-16 02:51:44.787186,bp,2,32.040000915527344,0,0,20
2022-01-16 02:57:44.412179,bp,1,32.040000915527344,0,0,20
2022-01-16 03:07:05.456104,bp,5,32.040000915527344,2,0,20
2022-01-16 03:14:04.514278,bp,5,32.040000915527344,2,0,20
2022-01-16 03:22:59.483039,bp,4,32.040000915527344,1,0,20
2022-01-16 03:31:40.771576,bp,1,32.040000915527344,0,0,20
2022-01-16 03:40:16.276390,bp,3,32.040000915527344,1,1,20
2022-01-16 03:46:21.110525,bp,5,32.040000915527344,0,0,20
2022-01-16 03:52:06.586214,bp,4,32.040000915527344,0,0,20
2022-01-16 03:59:06.687319,bp,8,32.040000915527344,2,1,20
2022-01-16 04:06:17.142824,bp,9,32.040000915527344,1,1,20
2022-01-16 04:12:02.603586,bp,10,32.040000915527344,2,1,20
2022-01-16 04:20:44.701558,bp,10,32.040000915527344,3,1,20
2022-01-16 04:30:34.968020,bp,8,32.040000915527344,2,0,20
2022-01-16 04:38:03.071468,bp,5,32.040000915527344,2,0,20
2022-01-16 04:45:03.710322,bp,6,32.040000915527344,3,0,20
2022-01-16 04:53:19.338897,bp,5,32.040000915527344,1,0,20
2022-01-16 05:04:04.669379,bp,9,32.040000915527344,2,0,20
2022-01-16 05:15:23.805236,bp,9,32.040000915527344,2,1,20
2022-01-16 05:22:36.231380,bp,8,32.040000915527344,2,1,20
2022-01-16 05:31:08.125056,bp,9,32.040000915527344,2,1,20
2022-01-16 05:40:40.020363,bp,6,32.040000915527344,1,1,20
2022-01-16 05:53:29.923983,bp,7,32.040000915527344,2,1,20
2022-01-16 06:03:12.541763,bp,5,32.040000915527344,1,1,20
2022-01-16 06:13:59.429274,bp,5,32.040000915527344,1,0,20
2022-01-16 06:21:00.785700,bp,5,32.040000915527344,1,0,20
2022-01-16 06:26:48.922721,bp,6,32.040000915527344,1,1,20
2022-01-16 06:33:51.137407,bp,7,32.040000915527344,2,1,20
2022-01-16 06:40:51.492684,bp,8,32.040000915527344,2,1,20
2022-01-16 06:48:12.746471,bp,5,32.040000915527344,1,1,20
2022-01-16 06:55:20.794994,bp,4,32.040000915527344,0,1,20
2022-01-16 07:03:06.500713,bp,8,32.040000915527344,0,2,20
2022-01-16 07:09:11.417841,bp,7,32.040000915527344,1,1,20
2022-01-16 07:16:18.868293,bp,6,32.040000915527344,1,0,20
2022-01-16 07:23:37.987106,bp,8,32.040000915527344,1,0,20
2022-01-16 07:30:54.037832,bp,6,32.040000915527344,1,0,20
2022-01-16 07:38:03.533793,bp,7,32.040000915527344,1,0,20
2022-01-16 07:58:05.586579,bp,11,32.040000915527344,2,0,20
2022-01-16 08:06:47.818803,bp,10,32.040000915527344,1,0,20
2022-01-16 08:14:07.392155,bp,9,32.040000915527344,1,0,20
2022-01-16 08:21:24.596833,bp,10,32.040000915527344,1,0,20
2022-01-16 08:34:44.818805,bp,7,32.040000915527344,1,0,20
2022-01-16 08:43:01.631868,bp,5,32.040000915527344,1,0,20
2022-01-16 08:48:49.216173,bp,2,32.040000915527344,0,0,20
2022-01-16 08:54:35.376061,bp,3,32.040000915527344,1,0,20
2022-01-16 09:05:00.852548,bp,7,32.040000915527344,3,1,20
2022-01-16 09:12:01.816989,bp,5,32.040000915527344,3,1,20
2022-01-16 09:19:02.845847,bp,4,32.040000915527344,2,1,20
2022-01-16 09:27:27.962363,bp,4,32.040000915527344,2,1,20
2022-01-16 09:34:29.895062,bp,5,32.040000915527344,2,1,20
2022-01-16 09:42:22.668154,bp,6,32.040000915527344,1,1,20
2022-01-16 09:58:56.069646,bp,6,32.040000915527344,1,1,20
2022-01-16 10:08:34.792960,bp,6,32.040000915527344,1,0,20
2022-01-16 10:16:12.327020,bp,4,32.040000915527344,0,0,20
2022-01-16 10:26:58.545072,bp,2,32.040000915527344,0,0,20
2022-01-16 10:38:59.902730,bp,2,32.040000915527344,0,0,20
2022-01-16 10:49:29.575211,bp,3,32.040000915527344,1,0,20
2022-01-16 10:59:18.970145,bp,2,32.040000915527344,1,0,20
2022-01-16 11:06:29.181818,bp,1,32.040000915527344,0,0,20
2022-01-16 11:12:19.743544,bp,1,32.040000915527344,0,0,20
2022-01-16 11:19:22.173645,bp,2,32.040000915527344,0,0,20
2022-01-16 11:27:36.762797,bp,3,32.040000915527344,0,0,20
2022-01-16 11:34:37.157338,bp,3,32.040000915527344,0,1,20
2022-01-16 11:44:08.748280,bp,5,32.040000915527344,0,1,20
2022-01-16 11:52:24.301642,bp,6,32.040000915527344,0,0,20
2022-01-16 12:00:06.874330,bp,10,32.040000915527344,1,2,20
2022-01-16 12:07:53.712690,bp,14,32.040000915527344,4,4,20
2022-01-16 12:15:20.639894,bp,14,32.040000915527344,5,3,20
2022-01-16 12:26:30.440814,bp,13,32.040000915527344,5,5,20
2022-01-16 12:34:48.206389,bp,11,32.040000915527344,5,4,20
2022-01-16 12:43:07.504000,bp,11,32.040000915527344,5,5,20
2022-01-16 12:51:48.730315,bp,11,32.040000915527344,5,6,20
2022-01-16 13:00:24.353081,bp,8,32.040000915527344,3,5,20
2022-01-16 13:07:36.720841,bp,11,32.040000915527344,3,5,20
2022-01-16 13:13:22.920338,bp,12,32.040000915527344,2,5,20
2022-01-16 13:19:07.964249,bp,11,32.040000915527344,2,4,20
2022-01-16 13:29:52.903903,bp,10,32.040000915527344,2,3,20
2022-01-16 13:35:38.587525,bp,8,32.040000915527344,2,1,20
2022-01-16 13:44:29.605181,bp,8,32.040000915527344,1,0,20
2022-01-16 13:51:28.568359,bp,8,32.040000915527344,1,0,20
2022-01-16 13:59:43.814213,bp,5,32.040000915527344,0,0,20
2022-01-16 14:09:16.722267,bp,3,32.040000915527344,0,0,20
2022-01-16 14:20:03.582179,bp,4,32.040000915527344,0,0,20
2022-01-16 14:28:19.799159,bp,3,32.040000915527344,0,0,20
2022-01-16 14:38:04.774226,bp,2,32.040000915527344,0,0,20
2022-01-16 14:48:52.109415,bp,1,32.040000915527344,0,0,20
2022-01-16 14:55:50.162046,bp,1,32.040000915527344,0,0,20
2022-01-16 15:01:32.718562,bp,3,32.040000915527344,1,0,20
2022-01-16 15:11:02.522964,bp,3,32.040000915527344,1,0,20
2022-01-16 15:19:47.933541,bp,3,32.040000915527344,1,0,20
2022-01-16 15:26:48.628856,bp,3,32.040000915527344,1,0,20
2022-01-16 15:35:04.392026,bp,5,32.040000915527344,1,0,20
2022-01-16 15:41:01.305454,bp,4,32.040000915527344,0,0,20
2022-01-16 15:48:28.989128,bp,3,32.040000915527344,0,0,20
2022-01-16 15:55:27.624962,bp,4,32.040000915527344,0,0,20
2022-01-16 16:02:43.805773,bp,5,32.040000915527344,0,0,20
2022-01-16 16:10:13.454691,bp,5,32.040000915527344,0,0,20
2022-01-16 16:18:28.868595,bp,6,32.040000915527344,0,0,20
2022-01-16 16:24:16.173992,bp,5,32.040000915527344,0,0,20
2022-01-16 16:30:00.994029,bp,3,32.040000915527344,0,0,20
2022-01-16 16:48:05.388783,bp,5,32.040000915527344,1,0,20
2022-01-16 16:57:36.551916,bp,6,32.040000915527344,1,0,20
2022-01-16 17:04:35.346489,bp,6,32.040000915527344,2,0,20
2022-01-16 17:12:52.319886,bp,10,32.040000915527344,2,0,20
2022-01-16 17:19:52.626865,bp,12,32.040000915527344,2,0,20
2022-01-16 17:26:54.257788,bp,13,32.040000915527344,2,0,20
2022-01-16 17:38:56.109597,bp,13,32.040000915527344,2,0,20
2022-01-16 17:49:42.072844,bp,13,32.040000915527344,2,0,20
2022-01-16 17:59:14.415400,bp,12,32.040000915527344,2,0,20
2022-01-16 18:06:16.483990,bp,7,32.040000915527344,2,0,20
2022-01-16 18:18:16.544577,bp,4,32.040000915527344,2,0,20
2022-01-16 18:26:18.844536,bp,5,32.040000915527344,2,0,20
2022-01-16 18:34:14.993266,bp,5,32.040000915527344,2,0,20
2022-01-16 18:43:52.651058,bp,8,32.040000915527344,2,0,20
2022-01-16 18:57:15.281629,bp,7,32.040000915527344,0,0,20
2022-01-16 19:03:00.722505,bp,8,32.040000915527344,0,0,20
2022-01-16 19:10:02.750574,bp,7,32.040000915527344,0,0,20
2022-01-16 19:22:07.399995,bp,6,32.040000915527344,0,0,20
2022-01-16 19:27:57.420433,bp,5,32.040000915527344,0,0,20
2022-01-16 19:34:59.981576,bp,4,32.040000915527344,0,0,20
2022-01-16 19:56:59.186570,bp,5,32.040000915527344,1,0,20
2022-01-16 20:07:46.857820,bp,5,32.040000915527344,2,0,20
2022-01-16 20:16:37.596644,bp,4,32.040000915527344,1,0,20
2022-01-16 20:27:26.568143,bp,4,32.040000915527344,2,0,20
2022-01-16 20:35:43.578809,bp,5,32.040000915527344,2,0,20
2022-01-16 20:42:43.555191,bp,6,32.040000915527344,2,0,20
2022-01-16 20:51:06.348961,bp,6,32.040000915527344,1,0,20
2022-01-16 21:00:38.537707,bp,7,32.040000915527344,1,1,20
2022-01-16 21:21:31.232100,bp,9,32.040000915527344,0,0,20
2022-01-16 21:28:39.024996,bp,7,32.040000915527344,0,1,20
2022-01-16 21:35:39.916672,bp,7,32.040000915527344,0,1,20
2022-01-16 21:42:31.083028,bp,8,32.040000915527344,0,1,20
2022-01-16 21:50:12.088504,bp,7,32.040000915527344,1,2,20
2022-01-16 21:57:37.018914,bp,7,32.040000915527344,1,2,20
2022-01-16 22:04:58.263096,bp,8,32.040000915527344,1,3,20
2022-01-16 22:14:49.488857,bp,11,32.040000915527344,1,3,20
2022-01-16 22:20:37.738929,bp,8,32.040000915527344,1,2,20
2022-01-16 22:26:26.302580,bp,9,32.040000915527344,2,3,20
2022-01-16 22:38:29.058198,bp,9,32.040000915527344,1,2,20
2022-01-16 22:49:08.933361,bp,11,32.040000915527344,1,2,20
2022-01-16 22:56:12.781763,bp,11,32.040000915527344,2,3,20
2022-01-16 23:03:58.228668,bp,11,32.040000915527344,2,1,20
2022-01-16 23:12:16.532692,bp,10,32.040000915527344,2,1,20
2022-01-16 23:21:49.371573,bp,13,32.040000915527344,2,1,20
2022-01-16 23:32:04.045791,bp,12,32.040000915527344,1,0,20
2022-01-16 23:40:38.801249,bp,10,32.040000915527344,1,0,20
2022-01-16 23:52:08.636208,bp,14,32.040000915527344,1,0,20
2022-01-16 23:59:43.597842,bp,14,32.040000915527344,1,0,20
2022-01-17 00:05:31.306718,bp,14,32.040000915527344,1,0,20
2022-01-17 00:12:32.748210,bp,13,32.040000915527344,0,0,20
2022-01-17 00:19:39.298229,bp,11,32.040000915527344,0,0,20
2022-01-17 00:30:26.721143,bp,11,32.040000915527344,0,0,20
2022-01-17 00:37:30.214556,bp,12,32.040000915527344,0,0,20
2022-01-17 00:43:19.336259,bp,13,32.040000915527344,0,1,20
2022-01-17 00:49:06.601365,bp,10,32.040000915527344,0,1,20
2022-01-17 00:54:55.782367,bp,13,32.040000915527344,0,4,20
2022-01-17 01:05:42.134717,bp,14,32.040000915527344,1,5,20
2022-01-17 01:16:04.864635,bp,12,32.040000915527344,1,4,20
2022-01-17 01:23:05.975020,bp,15,32.040000915527344,2,4,20
2022-01-17 01:30:28.560261,bp,15,32.040000915527344,2,4,20
2022-01-17 01:36:15.087350,bp,14,32.040000915527344,1,3,20
2022-01-17 01:44:31.049025,bp,12,32.040000915527344,1,2,20
2022-01-17 01:50:16.757383,bp,12,32.040000915527344,1,0,20
2022-01-17 01:57:19.624652,bp,10,32.040000915527344,1,0,20
2022-01-17 02:04:20.026794,bp,14,32.040000915527344,2,0,20
2022-01-17 02:11:40.865504,bp,15,32.040000915527344,0,0,20
2022-01-17 02:24:05.337508,bp,17,32.040000915527344,0,0,20
2022-01-17 02:31:08.079948,bp,9,32.040000915527344,0,0,20
2022-01-17 02:38:25.362735,bp,9,32.040000915527344,0,0,20
2022-01-17 02:46:03.913521,bp,8,32.040000915527344,0,0,20
2022-01-17 02:57:04.051339,bp,5,32.040000915527344,0,0,20
2022-01-17 03:07:52.629785,bp,17,32.040000915527344,2,1,20
2022-01-17 03:15:32.219573,bp,15,32.040000915527344,2,0,20
2022-01-17 03:25:13.012781,bp,17,32.040000915527344,3,0,20
2022-01-17 03:33:30.469338,bp,18,32.040000915527344,4,0,20
2022-01-17 03:40:56.497278,bp,19,32.040000915527344,4,0,20
2022-01-17 03:46:45.181084,bp,16,32.040000915527344,2,0,20
2022-01-17 03:56:16.946874,bp,12,32.040000915527344,3,0,20
2022-01-17 04:04:34.390667,bp,17,32.040000915527344,3,0,20
2022-01-17 04:15:25.597263,bp,19,32.040000915527344,5,1,20
2022-01-17 04:24:58.492667,bp,17,32.040000915527344,3,1,20
2022-01-17 04:35:01.626657,bp,17,32.040000915527344,4,1,20
2022-01-17 04:42:04.698520,bp,11,32.040000915527344,1,1,20
2022-01-17 04:50:58.060961,bp,13,32.040000915527344,1,1,20
2022-01-17 04:58:49.845472,bp,19,32.040000915527344,2,2,20
2022-01-17 05:06:30.936555,bp,18,32.040000915527344,3,1,20
2022-01-17 05:16:03.368140,bp,17,32.040000915527344,2,1,20
2022-01-17 05:24:32.532311,bp,10,32.040000915527344,0,0,20
2022-01-17 05:34:43.653773,bp,8,32.040000915527344,0,0,20
2022-01-17 05:42:33.834066,bp,8,32.040000915527344,1,0,20
2022-01-17 05:52:07.280049,bp,6,32.040000915527344,1,0,20
2022-01-17 05:59:09.180499,bp,8,32.040000915527344,2,0,20
2022-01-17 06:06:38.537808,bp,13,32.040000915527344,1,0,20
2022-01-17 06:17:29.155329,bp,15,32.040000915527344,3,0,20
2022-01-17 06:28:19.422250,bp,15,32.040000915527344,3,0,20
2022-01-17 06:35:22.261132,bp,11,32.040000915527344,3,0,20
2022-01-17 06:43:46.225829,bp,10,32.040000915527344,3,1,20
2022-01-17 06:53:24.018660,bp,11,32.040000915527344,3,1,20
2022-01-17 07:01:40.397531,bp,15,32.040000915527344,2,1,20
2022-01-17 07:08:07.450187,bp,13,32.040000915527344,3,1,20
2022-01-17 07:20:09.626275,bp,10,32.040000915527344,2,1,20
2022-01-17 07:26:47.267281,bp,8,32.040000915527344,2,1,20
2022-01-17 07:35:07.128027,bp,6,32.040000915527344,1,0,20
2022-01-17 07:45:53.703486,bp,8,32.040000915527344,2,0,20
2022-01-17 07:54:10.524137,bp,16,32.040000915527344,3,1,20
2022-01-17 08:08:03.876530,bp,15,32.040000915527344,5,2,20
2022-01-17 08:15:09.993927,bp,11,32.040000915527344,4,0,20
2022-01-17 08:26:33.276364,bp,10,32.040000915527344,4,0,20
2022-01-17 08:32:22.884793,bp,11,32.040000915527344,2,1,20
2022-01-17 08:38:43.397552,bp,5,32.040000915527344,2,0,20
2022-01-17 08:45:47.696823,bp,3,32.040000915527344,0,0,20
2022-01-17 08:52:57.348348,bp,6,32.040000915527344,0,1,20
2022-01-17 09:00:04.293527,bp,10,32.040000915527344,2,0,21
2022-01-17 09:07:06.318846,bp,9,32.040000915527344,0,1,20
2022-01-17 09:14:46.033824,bp,10,32.040000915527344,0,1,20
2022-01-17 09:20:32.186259,bp,11,32.040000915527344,1,1,20
2022-01-17 09:27:51.432480,bp,12,32.040000915527344,2,1,20
2022-01-17 09:34:54.297697,bp,13,32.040000915527344,2,1,20
2022-01-17 09:42:11.065383,bp,15,32.040000915527344,2,1,20
2022-01-17 09:49:35.601479,bp,13,32.040000915527344,2,0,20
2022-01-17 10:00:21.561071,bp,21,32.040000915527344,5,2,20
2022-01-17 10:10:33.708855,bp,23,32.040000915527344,5,2,20
2022-01-17 10:18:02.324831,bp,23,32.040000915527344,4,2,20
2022-01-17 10:25:04.273879,bp,23,32.040000915527344,2,1,20
2022-01-17 10:37:06.136027,bp,17,32.040000915527344,2,1,20
2022-01-17 10:45:08.927750,bp,18,32.040000915527344,2,1,20
2022-01-17 10:55:12.115760,bp,11,32.040000915527344,0,0,20
2022-01-17 11:05:07.733100,bp,16,32.040000915527344,0,0,20
2022-01-17 11:11:03.956332,bp,14,32.040000915527344,0,1,20
2022-01-17 11:20:59.315293,bp,13,32.040000915527344,1,0,20
2022-01-17 11:29:12.672833,bp,14,32.040000915527344,1,0,20
2022-01-17 11:37:29.225284,bp,14,32.040000915527344,2,0,20
2022-01-17 11:47:00.899048,bp,15,32.040000915527344,2,0,20
2022-01-17 12:04:53.371541,bp,13,32.040000915527344,3,0,20
2022-01-17 12:11:21.076957,bp,12,32.040000915527344,5,0,20
2022-01-17 12:20:05.845003,bp,11,32.040000915527344,3,0,20
2022-01-17 12:27:10.317948,bp,11,32.040000915527344,3,0,20
2022-01-17 12:32:56.675119,bp,12,32.040000915527344,2,0,20
2022-01-17 12:40:52.735535,bp,14,32.040000915527344,3,0,20
2022-01-17 13:00:11.534160,bp,14,32.040000915527344,2,0,20
2022-01-17 13:07:31.862360,bp,11,32.040000915527344,1,0,20
2022-01-17 13:17:03.117131,bp,10,32.040000915527344,1,0,20
2022-01-17 13:24:34.868682,bp,8,32.040000915527344,1,0,20
2022-01-17 13:31:36.065478,bp,9,32.040000915527344,1,0,20
2022-01-17 13:37:23.770380,bp,8,32.040000915527344,1,0,20
2022-01-17 13:45:55.639471,bp,8,32.040000915527344,1,0,20
2022-01-17 13:53:03.944960,bp,12,32.040000915527344,2,0,20
2022-01-17 14:00:55.722174,bp,14,32.040000915527344,3,0,20
2022-01-17 14:09:16.981897,bp,15,32.040000915527344,2,0,20
2022-01-17 14:16:17.511859,bp,17,32.040000915527344,2,0,20
2022-01-17 14:27:22.745784,bp,15,32.040000915527344,3,0,20
2022-01-17 14:33:26.582480,bp,14,32.040000915527344,1,1,20
2022-01-17 14:42:57.805806,bp,14,32.040000915527344,1,1,20
2022-01-17 14:51:13.701455,bp,7,32.040000915527344,0,0,20
2022-01-17 14:58:15.485745,bp,16,32.040000915527344,2,2,20
2022-01-17 15:05:57.795893,bp,14,32.040000915527344,3,3,20
2022-01-17 15:14:17.187562,bp,12,32.040000915527344,2,2,20
2022-01-17 15:24:35.527472,bp,12,32.040000915527344,0,1,20
2022-01-17 15:37:08.809634,bp,10,32.040000915527344,0,0,20
2022-01-17 15:46:08.905209,bp,11,32.040000915527344,0,0,20
2022-01-17 15:54:26.064796,bp,9,32.040000915527344,0,0,20
2022-01-17 16:04:59.739043,bp,12,32.040000915527344,3,1,20
2022-01-17 16:15:47.323421,bp,13,32.040000915527344,3,0,20
2022-01-17 16:25:18.690662,bp,13,32.040000915527344,3,0,20
2022-01-17 16:32:20.203101,bp,8,32.040000915527344,3,0,20
2022-01-17 16:39:22.004738,bp,9,32.040000915527344,4,0,20
2022-01-17 16:45:09.978235,bp,8,32.040000915527344,3,0,20
2022-01-17 16:50:55.389229,bp,9,32.040000915527344,4,0,20
2022-01-17 16:56:48.005895,bp,9,32.040000915527344,4,0,20
2022-01-17 17:04:28.320275,bp,8,32.040000915527344,3,0,20
2022-01-17 17:12:23.753187,bp,8,32.040000915527344,3,0,20
2022-01-17 17:20:51.335657,bp,5,32.040000915527344,2,0,20
2022-01-17 17:29:38.760583,bp,5,32.040000915527344,1,0,20
2022-01-17 17:39:12.436907,bp,5,32.040000915527344,0,0,20
2022-01-17 17:46:13.399947,bp,8,32.040000915527344,0,0,20
2022-01-17 17:52:02.131771,bp,6,32.040000915527344,0,0,20
2022-01-17 17:57:49.479065,bp,7,32.040000915527344,0,0,20
2022-01-17 18:05:31.412600,bp,9,32.040000915527344,1,0,20
2022-01-17 18:16:19.376292,bp,9,32.040000915527344,1,0,20
2022-01-17 18:25:02.186461,bp,9,32.040000915527344,1,0,20
2022-01-17 18:32:05.150001,bp,8,32.040000915527344,1,0,20
2022-01-17 18:39:09.637425,bp,8,32.040000915527344,1,0,20
2022-01-17 18:45:41.833199,bp,4,32.040000915527344,0,0,20
2022-01-17 18:55:14.625538,bp,4,32.040000915527344,0,0,20
2022-01-17 19:03:13.620552,bp,5,32.040000915527344,2,0,20
2022-01-17 19:20:15.446506,bp,9,32.040000915527344,2,0,20
2022-01-17 19:30:00.786160,bp,9,32.040000915527344,0,0,20
2022-01-17 19:37:41.606843,bp,10,32.040000915527344,0,0,20
2022-01-17 19:49:43.886914,bp,8,32.040000915527344,0,0,20
2022-01-17 19:58:01.756469,bp,6,32.040000915527344,0,0,20
2022-01-17 20:06:20.582068,bp,8,32.040000915527344,2,0,20
2022-01-17 20:17:08.789596,bp,5,32.040000915527344,1,0,20
2022-01-17 20:25:38.755620,bp,4,32.040000915527344,1,0,20
2022-01-17 20:33:20.056308,bp,5,32.040000915527344,1,0,20
2022-01-17 20:40:58.402446,bp,6,32.040000915527344,0,0,20
2022-01-17 20:49:00.390250,bp,5,32.040000915527344,0,0,20
2022-01-17 20:58:31.768949,bp,9,32.040000915527344,2,0,20
2022-01-17 21:06:50.117315,bp,6,32.040000915527344,1,0,20
2022-01-17 21:13:11.768542,bp,6,32.040000915527344,1,0,20
2022-01-17 21:24:24.854791,bp,8,32.040000915527344,1,0,20
2022-01-17 21:31:28.986734,bp,6,32.040000915527344,0,0,20
2022-01-17 21:39:46.807581,bp,8,32.040000915527344,0,0,20
2022-01-17 21:47:41.404766,bp,8,32.040000915527344,0,1,20
2022-01-17 21:57:42.019544,bp,8,32.040000915527344,0,1,20
2022-01-17 22:08:31.919480,bp,9,32.040000915527344,0,1,20
2022-01-17 22:16:11.515276,bp,10,32.040000915527344,0,0,20
2022-01-17 22:21:59.512559,bp,9,32.040000915527344,0,0,20
2022-01-17 22:29:04.133766,bp,11,32.040000915527344,0,0,20
2022-01-17 22:35:00.304230,bp,12,32.040000915527344,0,1,20
2022-01-17 22:43:17.203053,bp,12,32.040000915527344,0,1,20
2022-01-17 22:50:29.704274,bp,11,32.040000915527344,0,1,20
2022-01-17 22:57:52.631739,bp,13,32.040000915527344,3,1,20
2022-01-17 23:07:06.117073,bp,12,32.040000915527344,3,1,20
2022-01-17 23:12:53.732923,bp,13,32.040000915527344,3,2,20
2022-01-17 23:22:31.130524,bp,11,32.040000915527344,2,2,20
2022-01-17 23:30:04.065248,bp,9,32.040000915527344,1,1,20
2022-01-17 23:39:54.031540,bp,6,32.040000915527344,0,1,20
2022-01-17 23:47:07.826598,bp,9,32.040000915527344,0,2,20
2022-01-17 23:58:23.931254,bp,11,32.040000915527344,0,2,20
2022-01-18 00:07:00.900401,bp,15,32.040000915527344,0,2,20
2022-01-18 00:15:17.299486,bp,14,32.040000915527344,0,1,20
2022-01-18 00:23:42.318653,bp,13,32.040000915527344,0,1,20
2022-01-18 00:31:19.603754,bp,14,32.040000915527344,0,1,20
2022-01-18 00:38:22.193975,bp,12,32.040000915527344,1,1,20
2022-01-18 00:46:01.845461,bp,12,32.040000915527344,1,1,20
2022-01-18 00:51:49.808437,bp,12,32.040000915527344,1,0,20
2022-01-18 00:57:37.459836,bp,11,32.040000915527344,0,0,20
2022-01-18 01:05:49.189018,bp,10,32.040000915527344,1,0,20
2022-01-18 01:17:53.099052,bp,7,32.040000915527344,0,0,20
2022-01-18 01:24:57.939963,bp,6,32.040000915527344,0,0,20
2022-01-18 01:36:07.729670,bp,10,32.040000915527344,1,0,20
2022-01-18 01:41:55.508867,bp,12,32.040000915527344,1,0,20
2022-01-18 01:48:07.818659,bp,12,32.040000915527344,1,0,20
2022-01-18 02:04:17.567145,bp,16,32.040000915527344,1,1,20
2022-01-18 02:12:50.522635,bp,15,32.040000915527344,2,1,20
2022-01-18 02:23:53.856004,bp,15,32.040000915527344,2,1,20
2022-01-18 02:33:58.144245,bp,17,32.040000915527344,1,1,20
2022-01-18 02:40:58.791710,bp,19,32.040000915527344,1,1,20
2022-01-18 02:48:40.298001,bp,15,32.040000915527344,1,1,20
2022-01-18 02:59:26.984126,bp,17,32.040000915527344,0,0,20
2022-01-18 03:10:16.314509,bp,16,32.040000915527344,1,0,20
2022-01-18 03:18:35.084875,bp,15,32.040000915527344,1,0,20
2022-01-18 03:26:07.473984,bp,15,32.040000915527344,1,0,20
2022-01-18 03:33:09.250191,bp,16,32.040000915527344,2,0,20
2022-01-18 03:38:57.700922,bp,16,32.040000915527344,3,0,20
2022-01-18 03:48:58.889976,bp,14,32.040000915527344,3,0,20
2022-01-18 03:56:24.868781,bp,14,32.040000915527344,3,0,20
2022-01-18 04:06:04.621080,bp,24,32.040000915527344,4,1,20
2022-01-18 04:11:52.866679,bp,26,32.040000915527344,3,2,20
2022-01-18 04:19:37.029672,bp,21,32.040000915527344,3,2,20
2022-01-18 04:26:42.694874,bp,20,32.040000915527344,3,1,20
2022-01-18 04:35:34.622716,bp,15,32.040000915527344,2,1,20
2022-01-18 04:45:06.465878,bp,15,32.040000915527344,2,1,20
2022-01-18 04:54:41.741393,bp,15,32.040000915527344,3,1,20
2022-01-18 05:01:07.013689,bp,17,32.040000915527344,4,0,20
2022-01-18 05:11:54.998112,bp,19,32.040000915527344,5,0,20
2022-01-18 05:20:13.566121,bp,16,32.040000915527344,4,0,20
2022-01-18 05:28:30.088759,bp,15,32.040000915527344,4,0,20
2022-01-18 05:38:06.820829,bp,16,32.040000915527344,5,1,20
2022-01-18 05:46:00.739397,bp,17,32.040000915527344,4,2,20
2022-01-18 05:55:33.488506,bp,16,32.040000915527344,4,1,20
2022-01-18 06:06:12.291606,bp,21,32.040000915527344,5,1,20
2022-01-18 06:14:31.787131,bp,26,32.040000915527344,6,1,20
2022-01-18 06:21:38.465235,bp,31,32.040000915527344,6,2,20
2022-01-18 06:28:42.988942,bp,26,32.040000915527344,4,1,20
2022-01-18 06:34:41.603739,bp,23,32.040000915527344,2,0,20
2022-01-18 06:42:12.294067,bp,23,32.040000915527344,2,1,20
2022-01-18 06:49:55.807640,bp,21,32.040000915527344,1,1,20
2022-01-18 06:56:59.210336,bp,21,32.040000915527344,1,0,20
2022-01-18 07:02:54.932773,bp,24,32.040000915527344,1,1,20
2022-01-18 07:13:02.977761,bp,18,32.040000915527344,0,1,20
2022-01-18 07:21:44.504665,bp,13,32.040000915527344,0,1,20
2022-01-18 07:30:03.451753,bp,11,32.40999984741211,0,0,20
2022-01-18 07:37:25.346378,bp,13,32.36000061035156,0,1,20
2022-01-18 07:43:12.275856,bp,13,32.40999984741211,0,1,20
2022-01-18 07:50:50.554168,bp,11,32.52000045776367,1,1,20
2022-01-18 07:58:01.876674,bp,14,32.5,1,0,20
2022-01-18 08:07:54.373626,bp,22,32.439998626708984,4,0,20
2022-01-18 08:15:10.484738,bp,26,32.470001220703125,7,0,20
2022-01-18 08:20:56.862404,bp,29,32.459999084472656,7,2,20
2022-01-18 08:33:37.999704,bp,29,32.434600830078125,7,2,20
2022-01-18 08:43:12.056413,bp,29,32.505001068115234,7,1,20
2022-01-18 08:51:30.363917,bp,29,32.470001220703125,6,2,20
2022-01-18 08:59:43.145344,bp,22,32.42499923706055,4,3,20
2022-01-18 09:10:32.627799,bp,27,32.28499984741211,5,4,20
2022-01-18 09:27:25.679620,bp,22,32.314998626708984,4,2,20
2022-01-18 09:35:09.686493,bp,18,32.20500183105469,3,2,20
2022-01-18 09:44:54.408016,bp,21,32.255001068115234,3,2,20
2022-01-18 09:52:07.682670,bp,16,32.2599983215332,2,1,20
2022-01-18 10:00:41.062811,bp,17,32.14500045776367,1,1,20
2022-01-18 10:07:48.042016,bp,17,32.084999084472656,1,2,20
2022-01-18 10:16:09.543039,bp,21,32.084999084472656,1,2,20
2022-01-18 10:23:22.579446,bp,22,32.09000015258789,2,2,20
2022-01-18 10:29:12.881531,bp,17,32.084999084472656,1,2,20
2022-01-18 10:37:36.659413,bp,14,32.06999969482422,1,2,20
2022-01-18 10:44:51.381879,bp,13,32.005001068115234,1,2,20
2022-01-18 10:52:27.297151,bp,16,31.989999771118164,1,2,20
2022-01-18 11:04:31.053277,bp,22,31.920000076293945,2,1,20
2022-01-18 11:13:07.850365,bp,21,31.954999923706055,2,0,20
2022-01-18 11:18:57.486982,bp,21,32.064998626708984,2,0,20
2022-01-18 11:24:47.570942,bp,22,32.05500030517578,2,1,20
2022-01-18 11:32:06.046032,bp,20,32.11899948120117,1,1,20
2022-01-18 11:44:29.340033,bp,22,32.17499923706055,1,2,20
2022-01-18 11:51:45.106025,bp,20,32.154998779296875,1,2,20
2022-01-18 11:59:13.516072,bp,15,32.19499969482422,0,1,20
2022-01-18 12:06:24.245699,bp,25,32.209999084472656,2,1,20
2022-01-18 12:17:12.323251,bp,19,32.2400016784668,2,0,20
2022-01-18 12:26:43.997287,bp,22,32.290000915527344,2,1,20
2022-01-18 12:34:52.485440,bp,23,32.369998931884766,2,2,20
2022-01-18 12:40:44.863954,bp,21,32.3849983215332,0,3,20
2022-01-18 12:47:57.857721,bp,18,32.400001525878906,0,2,20
2022-01-18 12:55:48.210398,bp,21,32.435001373291016,1,2,20
2022-01-18 13:02:51.317421,bp,25,32.36000061035156,3,2,20
2022-01-18 13:10:17.512211,bp,22,32.375,3,2,20
2022-01-18 13:16:07.524075,bp,18,32.3849983215332,2,1,20
2022-01-18 13:26:57.227554,bp,12,32.375,4,1,20
2022-01-18 13:35:34.158964,bp,12,32.310001373291016,5,0,20
2022-01-18 13:43:51.783296,bp,12,32.28499984741211,4,0,20
2022-01-18 14:09:32.107216,bp,18,32.369998931884766,4,2,20
2022-01-18 14:16:35.540006,bp,16,32.380001068115234,4,1,20
2022-01-18 14:22:26.479855,bp,17,32.380001068115234,2,2,20
2022-01-18 14:31:02.628908,bp,16,32.380001068115234,2,2,20
2022-01-18 14:41:53.458228,bp,10,32.380001068115234,2,0,20
2022-01-18 14:52:42.585361,bp,13,32.380001068115234,2,0,20
2022-01-18 14:59:46.297593,bp,23,32.380001068115234,5,1,20
2022-01-18 15:08:43.467603,bp,22,32.380001068115234,3,2,20
2022-01-18 15:24:19.992090,bp,17,32.380001068115234,1,2,20
2022-01-18 15:31:33.320892,bp,10,32.380001068115234,0,1,20
2022-01-18 15:42:09.695325,bp,12,32.380001068115234,1,2,20
2022-01-18 15:51:49.451947,bp,15,32.380001068115234,4,2,20
2022-01-18 16:00:15.951924,bp,15,32.380001068115234,3,2,20
2022-01-18 16:08:13.339078,bp,17,32.380001068115234,3,3,20
2022-01-18 16:14:04.551150,bp,17,32.380001068115234,3,3,20
2022-01-18 16:19:53.514731,bp,18,32.380001068115234,3,3,20
2022-01-18 16:25:46.736541,bp,17,32.380001068115234,3,4,20
2022-01-18 16:36:38.567277,bp,13,32.380001068115234,0,3,20
2022-01-18 20:53:12.139896,bp,5,32.380001068115234,0,0,20
2022-01-18 20:59:23.059471,bp,8,32.380001068115234,0,0,20
2022-01-18 21:07:41.292909,bp,12,32.380001068115234,1,0,20
2022-01-18 21:14:44.019972,bp,11,32.380001068115234,1,0,20
2022-01-18 21:21:52.331310,bp,11,32.380001068115234,2,0,20
2022-01-18 21:29:16.306005,bp,10,32.380001068115234,2,0,20
2022-01-18 21:42:36.086150,bp,12,32.380001068115234,3,0,20
2022-01-18 21:52:19.921353,bp,9,32.380001068115234,3,0,20
2022-01-18 22:03:08.855356,bp,10,32.380001068115234,3,0,20
2022-01-18 22:09:17.618727,bp,11,32.380001068115234,2,1,20
2022-01-18 22:21:45.867452,bp,11,32.380001068115234,4,1,20
2022-01-18 22:28:51.289532,bp,11,32.380001068115234,4,1,20
2022-01-18 22:38:26.588155,bp,11,32.380001068115234,4,1,20
2022-01-18 22:46:25.898800,bp,8,32.380001068115234,2,1,20
2022-01-18 22:53:21.767509,bp,7,32.380001068115234,2,0,20
2022-01-18 23:00:27.334923,bp,7,32.380001068115234,0,0,20
2022-01-18 23:06:50.962357,bp,7,32.380001068115234,0,0,20
2022-01-18 23:13:53.431454,bp,9,32.380001068115234,0,0,20
2022-01-18 23:23:41.803079,bp,8,32.380001068115234,0,0,20
2022-01-18 23:29:29.019452,bp,8,32.380001068115234,0,0,20
2022-01-18 23:36:31.542533,bp,7,32.380001068115234,0,0,20
2022-01-18 23:44:49.639416,bp,6,32.380001068115234,0,0,20
2022-01-18 23:50:36.783283,bp,9,32.380001068115234,1,0,20
2022-01-18 23:57:41.354513,bp,8,32.380001068115234,1,0,20
2022-01-19 00:05:28.510541,bp,12,32.380001068115234,1,0,20
2022-01-19 00:12:33.557842,bp,11,32.380001068115234,1,0,20
2022-01-19 00:23:22.550328,bp,11,32.380001068115234,1,0,20
2022-01-19 00:33:26.980680,bp,11,32.380001068115234,1,0,20
2022-01-19 00:41:04.887166,bp,11,32.380001068115234,1,0,20
2022-01-19 00:46:54.366404,bp,9,32.380001068115234,0,1,20
2022-01-19 00:55:11.948967,bp,10,32.380001068115234,0,1,20
2022-01-19 01:03:29.631593,bp,15,32.380001068115234,0,4,20
2022-01-19 01:11:48.827117,bp,12,32.380001068115234,1,3,20
2022-01-19 01:21:12.966897,bp,13,32.380001068115234,1,4,20
2022-01-19 01:28:18.210236,bp,13,32.380001068115234,1,3,20
2022-01-19 01:35:45.494883,bp,12,32.380001068115234,0,2,20
2022-01-19 01:44:45.162151,bp,11,32.380001068115234,0,1,20
2022-01-19 01:51:47.531529,bp,9,32.380001068115234,0,1,20
2022-01-19 01:59:10.274233,bp,10,32.380001068115234,0,0,20
2022-01-19 02:05:39.596168,bp,14,32.380001068115234,0,0,20
2022-01-19 02:13:41.232872,bp,14,32.380001068115234,0,0,20
2022-01-19 02:20:43.344085,bp,13,32.380001068115234,0,0,20
2022-01-19 02:30:15.845320,bp,11,32.380001068115234,0,0,20
2022-01-19 02:37:33.270894,bp,11,32.380001068115234,0,0,20
2022-01-19 02:43:22.779421,bp,10,32.380001068115234,0,0,20
2022-01-19 02:50:47.262086,bp,10,32.380001068115234,0,0,20
2022-01-19 03:00:15.249073,bp,11,32.380001068115234,1,0,20
2022-01-19 03:10:28.729623,bp,15,32.380001068115234,2,0,20
2022-01-19 03:17:32.488574,bp,15,32.380001068115234,0,0,20
2022-01-19 03:27:03.246854,bp,15,32.380001068115234,0,0,20
2022-01-19 03:39:47.668547,bp,16,32.380001068115234,0,0,20
2022-01-19 03:48:23.933209,bp,17,32.380001068115234,0,0,20
2022-01-19 03:55:27.142083,bp,19,32.380001068115234,0,0,20
2022-01-19 04:03:43.217522,bp,28,32.380001068115234,2,0,20
2022-01-19 04:09:31.961443,bp,28,32.380001068115234,5,1,20
2022-01-19 04:16:41.161638,bp,30,32.380001068115234,5,1,20
2022-01-19 04:23:43.937001,bp,24,32.380001068115234,11,1,20
2022-01-19 04:32:04.620424,bp,15,32.380001068115234,9,0,20
2022-01-19 04:40:00.233866,bp,19,32.380001068115234,10,1,20
2022-01-19 04:47:20.442218,bp,18,32.380001068115234,5,0,20
2022-01-19 04:54:45.542823,bp,17,32.380001068115234,6,0,20
2022-01-19 05:03:05.155558,bp,39,32.380001068115234,9,2,20
2022-01-19 05:10:19.161663,bp,20,32.380001068115234,8,0,20
2022-01-19 05:23:36.025471,bp,18,32.380001068115234,3,0,20
2022-01-19 05:29:23.861515,bp,17,32.380001068115234,2,0,20
2022-01-19 05:37:57.968487,bp,16,32.380001068115234,3,0,20
2022-01-19 05:43:45.719039,bp,12,32.380001068115234,1,0,20
2022-01-19 05:50:48.291349,bp,12,32.380001068115234,1,0,20
2022-01-19 05:58:15.732375,bp,16,32.380001068115234,3,0,20
2022-01-19 06:08:07.297919,bp,18,32.380001068115234,4,1,20
2022-01-19 06:16:27.733929,bp,19,32.380001068115234,4,1,20
2022-01-19 06:27:25.291071,bp,15,32.380001068115234,4,1,20
2022-01-19 06:37:03.963689,bp,17,32.380001068115234,4,1,20
2022-01-19 06:47:03.673774,bp,16,32.380001068115234,3,1,20
2022-01-19 06:52:52.768310,bp,18,32.380001068115234,3,2,20
2022-01-19 07:02:27.830765,bp,19,32.380001068115234,2,2,20
2022-01-19 07:12:20.820274,bp,21,32.380001068115234,2,1,20
2022-01-19 07:24:17.262836,bp,21,32.380001068115234,1,2,20
2022-01-19 07:30:10.542430,bp,19,32.59000015258789,1,2,20
2022-01-19 07:38:30.882353,bp,19,32.51940155029297,1,2,20
2022-01-19 07:46:50.340329,bp,22,32.369998931884766,1,3,20
2022-01-19 07:53:55.839957,bp,19,32.40999984741211,0,4,20
2022-01-19 08:03:40.235092,bp,30,32.165000915527344,2,4,20
2022-01-19 08:14:33.197116,bp,31,32.1150016784668,2,4,20
2022-01-19 08:21:49.980357,bp,26,31.98080062866211,2,5,20
2022-01-19 08:29:17.732548,bp,28,31.889999389648438,2,4,20
2022-01-19 08:40:06.299739,bp,21,31.969999313354492,3,2,20
2022-01-19 08:49:56.960054,bp,18,31.984100341796875,3,0,20
2022-01-19 08:59:14.515607,bp,32,32.02000045776367,5,4,20
2022-01-19 09:15:27.933408,bp,29,32.1150016784668,3,3,20
2022-01-19 09:21:25.340772,bp,29,32.07500076293945,3,2,20
2022-01-19 09:28:29.930597,bp,22,32.125,4,1,20
2022-01-19 09:34:41.167587,bp,19,32.125,2,1,20
2022-01-19 09:43:19.022585,bp,17,32.09000015258789,2,2,20
2022-01-19 09:52:51.752920,bp,17,32.163700103759766,2,2,20
2022-01-19 10:02:25.511786,bp,18,32.16999816894531,1,2,20
2022-01-19 10:09:43.888920,bp,15,32.170101165771484,1,1,20
2022-01-19 10:15:34.019523,bp,12,32.14500045776367,1,0,20
2022-01-19 10:21:30.760384,bp,12,32.09000015258789,1,0,20
2022-01-19 10:27:23.236213,bp,12,32.14500045776367,1,0,20
2022-01-19 10:33:13.065254,bp,10,32.11280059814453,1,0,20
2022-01-19 10:40:40.386636,bp,6,32.05500030517578,1,0,20
2022-01-19 10:48:59.060100,bp,6,32.130001068115234,0,0,20
2022-01-19 10:57:20.618998,bp,10,32.150001525878906,0,0,20
2022-01-19 11:05:38.104506,bp,8,32.14500045776367,0,0,20
2022-01-19 11:12:50.300109,bp,10,32.154998779296875,1,0,20
2022-01-19 11:21:07.796872,bp,8,32.12009811401367,1,0,20
2022-01-19 11:29:26.760505,bp,10,32.10499954223633,1,1,20
2022-01-19 11:37:48.922720,bp,12,32.154998779296875,1,1,20
2022-01-19 11:43:36.326044,bp,12,32.17499923706055,1,2,20
2022-01-19 11:54:50.481544,bp,12,32.19599914550781,1,2,20
2022-01-19 12:02:29.866139,bp,16,32.17499923706055,1,3,20
2022-01-19 12:09:33.857071,bp,16,32.185001373291016,1,3,20
2022-01-19 12:15:20.714476,bp,14,32.15999984741211,1,3,20
2022-01-19 12:26:42.011159,bp,14,32.14500045776367,1,2,20
2022-01-19 12:34:16.291889,bp,14,32.095001220703125,1,2,20
2022-01-19 12:41:20.214888,bp,12,32.15999984741211,0,1,20
2022-01-19 12:52:07.711958,bp,16,32.178001403808594,1,2,20
2022-01-19 12:59:11.207072,bp,14,32.19499969482422,0,0,20
2022-01-19 13:06:51.879104,bp,23,32.21989822387695,0,0,20
2022-01-19 13:15:51.439691,bp,21,32.244998931884766,0,0,20
2022-01-19 13:24:10.412740,bp,22,32.28499984741211,0,0,20
2022-01-19 13:31:49.593790,bp,22,32.22200012207031,0,1,20
2022-01-19 13:40:19.969392,bp,23,32.20500183105469,0,3,20
2022-01-19 13:48:38.220762,bp,20,32.188499450683594,0,3,20
2022-01-19 13:56:41.385053,bp,16,32.11000061035156,0,2,20
2022-01-19 14:02:41.563651,bp,18,32.10499954223633,0,5,20
2022-01-19 14:19:10.396373,bp,17,32.099998474121094,0,2,20
2022-01-19 14:29:58.470409,bp,14,32.099998474121094,0,1,20
2022-01-19 14:37:55.350681,bp,11,32.099998474121094,0,1,20
2022-01-19 14:43:46.147606,bp,14,32.099998474121094,0,1,20
2022-01-19 14:49:36.671530,bp,18,32.099998474121094,0,1,20
2022-01-19 14:57:37.774219,bp,19,32.099998474121094,0,1,20
2022-01-19 15:05:07.644576,bp,21,32.099998474121094,0,2,20
2022-01-19 15:12:22.166013,bp,19,32.099998474121094,0,1,20
2022-01-19 15:19:25.573857,bp,17,32.099998474121094,0,1,20
2022-01-19 15:27:09.059712,bp,17,32.099998474121094,0,0,20
2022-01-19 15:33:00.911775,bp,16,32.099998474121094,0,0,20
2022-01-19 15:40:30.635778,bp,17,32.099998474121094,0,0,20
2022-01-19 15:47:49.907059,bp,12,32.099998474121094,0,0,20
2022-01-19 15:56:35.037025,bp,16,32.099998474121094,0,1,20
2022-01-19 16:02:28.528836,bp,24,32.099998474121094,0,1,20
2022-01-19 16:08:55.864188,bp,19,32.099998474121094,0,1,20
2022-01-19 16:17:15.547172,bp,14,32.099998474121094,0,1,20
2022-01-19 16:23:05.500989,bp,14,32.099998474121094,0,0,20
2022-01-19 16:28:56.716424,bp,12,32.099998474121094,0,0,20
2022-01-19 16:36:00.087386,bp,11,32.099998474121094,2,0,20
2022-01-19 16:41:50.479450,bp,17,32.099998474121094,2,1,20
2022-01-19 17:28:57.189036,bp,17,32.099998474121094,0,1,20
2022-01-24 16:54:21.142282,bp,12,29.979999542236328,3,0,20,0,1
2022-01-24 17:02:38.941225,bp,16,29.979999542236328,4,1,20,0,1
2022-01-24 17:09:43.062736,bp,19,29.979999542236328,3,3,20,0,1
2022-01-24 17:15:36.242314,bp,19,29.979999542236328,3,3,20,0,0
2022-01-24 17:22:40.553991,bp,18,29.979999542236328,2,3,20,0,0
2022-01-24 17:29:48.334451,bp,18,29.979999542236328,1,1,20,0,0
2022-01-24 17:38:49.662540,bp,17,29.979999542236328,0,1,20,0,0
2022-01-24 17:45:51.696536,bp,16,29.979999542236328,0,1,20,0,0
2022-01-24 17:52:52.417911,bp,19,29.979999542236328,0,1,20,0,0
2022-01-24 17:58:40.714277,bp,20,29.979999542236328,0,0,20,0,0
2022-01-24 18:07:12.069065,bp,15,29.979999542236328,0,0,20,0,0
2022-01-24 18:12:59.869743,bp,16,29.979999542236328,1,0,20,0,0
2022-01-24 18:18:48.874224,bp,15,29.979999542236328,1,0,20,0,0
2022-01-24 18:26:11.921321,bp,16,29.979999542236328,0,0,20,0,0
2022-01-24 18:33:16.470980,bp,16,29.979999542236328,2,1,20,0,0
2022-01-24 18:40:34.556507,bp,15,29.979999542236328,2,1,20,0,0
2022-01-24 18:49:40.290358,bp,11,29.979999542236328,2,1,20,0,0
2022-01-24 18:57:01.715303,bp,10,29.979999542236328,2,1,20,1,0
2022-01-24 19:04:45.631928,bp,16,29.979999542236328,4,2,20,0,0
2022-01-24 19:10:49.793759,bp,14,29.979999542236328,2,1,20,0,0
2022-01-24 19:17:51.886857,bp,13,29.979999542236328,2,1,20,0,0
2022-01-24 19:26:42.500691,bp,12,29.979999542236328,2,0,20,0,0
2022-01-24 19:39:25.332859,bp,6,29.979999542236328,1,0,20,0,0
2022-01-24 19:55:08.617521,bp,9,29.979999542236328,0,0,20,0,0
2022-01-24 20:01:19.869640,bp,11,29.979999542236328,0,0,20,0,0
2022-01-24 20:09:59.388926,bp,10,29.979999542236328,0,1,20,0,1
2022-01-24 20:17:15.993143,bp,11,29.979999542236328,0,1,20,0,2
2022-01-24 20:26:12.850822,bp,13,29.979999542236328,0,1,20,0,1
2022-01-24 20:33:14.784550,bp,14,29.979999542236328,0,1,20,0,1
2022-01-24 20:41:04.465017,bp,13,29.979999542236328,0,1,20,0,1
2022-01-24 20:49:12.406731,bp,12,29.979999542236328,0,1,20,0,1
2022-01-24 20:58:43.439067,bp,12,29.979999542236328,0,1,20,0,1
2022-01-24 21:06:34.190116,bp,15,29.979999542236328,0,0,20,0,0
2022-01-24 21:13:52.642683,bp,16,29.979999542236328,0,1,20,0,0
2022-01-24 21:20:56.431570,bp,14,29.979999542236328,0,1,20,0,0
2022-01-24 21:26:42.959211,bp,15,29.979999542236328,0,0,20,0,0
2022-01-24 21:33:46.977824,bp,14,29.979999542236328,0,1,20,0,0
2022-01-24 21:39:52.979934,bp,12,29.979999542236328,1,1,20,0,0
2022-01-24 21:48:40.141893,bp,15,29.979999542236328,1,1,20,0,0
2022-01-24 21:54:25.831687,bp,15,29.979999542236328,1,1,20,0,0
2022-01-24 22:01:27.248262,bp,22,29.979999542236328,1,1,20,0,0
2022-01-24 22:08:30.003987,bp,19,29.979999542236328,3,1,20,0,0
2022-01-24 22:17:11.715685,bp,16,29.979999542236328,3,1,20,0,0
2022-01-24 22:24:15.054934,bp,16,29.979999542236328,2,1,20,0,0
2022-01-24 22:31:58.455125,bp,15,29.979999542236328,2,1,20,0,0
2022-01-24 22:42:44.729946,bp,13,29.979999542236328,2,1,20,0,0
2022-01-24 22:51:00.995632,bp,12,29.979999542236328,2,1,20,0,0
2022-01-24 23:01:46.990208,bp,13,29.979999542236328,1,1,20,0,0
2022-01-24 23:07:56.355237,bp,10,29.979999542236328,0,1,20,0,0
2022-01-24 23:19:31.371161,bp,9,29.979999542236328,0,1,20,0,0
2022-01-24 23:34:55.349256,bp,5,29.979999542236328,0,0,20,0,0
2022-01-24 23:44:13.953485,bp,6,29.979999542236328,0,0,20,0,0
2022-01-24 23:52:29.806170,bp,7,29.979999542236328,0,1,20,0,0
2022-01-24 23:59:59.768350,bp,8,29.979999542236328,0,1,20,0,0
2022-01-25 00:12:05.776777,bp,9,29.979999542236328,0,1,20,0,0
2022-01-25 00:27:40.806669,bp,9,29.979999542236328,2,1,20,0,0
2022-01-25 00:46:43.847076,bp,9,29.979999542236328,2,0,20,0,0
2022-01-25 00:54:23.905224,bp,9,29.979999542236328,2,0,20,0,0
2022-01-25 01:01:51.971535,bp,6,29.979999542236328,2,0,20,0,0
2022-01-25 01:12:14.957742,bp,6,29.979999542236328,0,0,20,0,0
2022-01-25 01:20:33.536242,bp,9,29.979999542236328,0,1,20,0,0
2022-01-25 01:30:12.958377,bp,10,29.979999542236328,0,1,20,0,0
2022-01-25 01:37:29.844159,bp,9,29.979999542236328,0,1,20,0,0
2022-01-25 01:43:18.512700,bp,10,29.979999542236328,0,1,20,0,0
2022-01-25 01:51:35.579201,bp,9,29.979999542236328,0,1,20,0,0
2022-01-25 01:59:53.560136,bp,13,29.979999542236328,0,1,20,0,0
2022-01-25 02:05:42.178137,bp,11,29.979999542236328,0,1,20,0,0
2022-01-25 02:13:12.462384,bp,8,29.979999542236328,0,1,20,0,0
2022-01-25 02:20:12.361695,bp,9,29.979999542236328,0,1,20,0,0
2022-01-25 02:27:14.079977,bp,8,29.979999542236328,0,1,20,0,0
2022-01-25 02:34:48.181621,bp,9,29.979999542236328,0,1,20,0,0
2022-01-25 02:44:22.465498,bp,11,29.979999542236328,0,1,20,0,0
2022-01-25 02:53:54.705236,bp,12,29.979999542236328,0,1,20,0,0
2022-01-25 03:07:08.706269,bp,21,29.979999542236328,1,1,20,0,0
2022-01-25 03:14:13.747175,bp,19,29.979999542236328,1,1,20,0,0
2022-01-25 03:22:32.512794,bp,17,29.979999542236328,1,1,20,0,0
2022-01-25 03:30:47.876782,bp,16,29.979999542236328,1,2,20,0,0
2022-01-25 03:38:51.988094,bp,16,29.979999542236328,1,2,20,1,0
2022-01-25 03:46:12.848785,bp,18,29.979999542236328,1,3,20,0,0
2022-01-25 03:54:39.158928,bp,16,29.979999542236328,0,3,20,0,0
2022-01-25 04:02:55.409868,bp,20,29.979999542236328,0,3,20,0,0
2022-01-25 04:12:30.354684,bp,24,29.979999542236328,1,3,20,0,0
2022-01-25 04:21:03.595404,bp,21,29.979999542236328,2,2,20,0,0
2022-01-25 04:30:36.924654,bp,21,29.979999542236328,2,2,20,0,0
2022-01-25 04:36:43.694777,bp,21,29.979999542236328,2,2,20,0,0
2022-01-25 04:45:32.943283,bp,19,29.979999542236328,3,2,20,0,0
2022-01-25 04:54:02.099992,bp,18,29.979999542236328,5,2,20,0,0
2022-01-25 05:01:42.242045,bp,23,29.979999542236328,4,2,20,0,0
2022-01-25 05:07:30.493644,bp,21,29.979999542236328,4,4,20,0,0
2022-01-25 05:14:31.645810,bp,23,29.979999542236328,4,4,20,0,0
2022-01-25 05:22:50.243570,bp,23,29.979999542236328,3,3,20,0,0
2022-01-25 05:31:21.219053,bp,20,29.979999542236328,3,2,20,0,0
2022-01-25 05:39:27.252988,bp,19,29.979999542236328,3,2,20,0,0
2022-01-25 05:47:57.024431,bp,15,29.979999542236328,2,2,20,0,0
2022-01-25 05:57:28.596526,bp,21,29.979999542236328,0,3,20,0,0
2022-01-25 06:05:49.977371,bp,19,29.979999542236328,0,2,20,1,0
2022-01-25 06:13:43.288636,bp,17,29.979999542236328,0,4,20,1,0
2022-01-25 06:21:59.929413,bp,15,29.979999542236328,1,4,20,1,0
2022-01-25 06:29:01.367643,bp,16,29.979999542236328,0,4,20,1,0
2022-01-25 06:36:00.988638,bp,11,29.979999542236328,1,2,20,1,0
2022-01-25 06:43:26.606105,bp,12,29.979999542236328,1,2,20,0,0
2022-01-25 06:50:43.887495,bp,12,29.979999542236328,1,1,20,1,1
2022-01-25 06:57:45.843411,bp,12,29.979999542236328,1,1,20,0,0
2022-01-25 07:05:18.720026,bp,17,29.979999542236328,2,1,20,0,0
2022-01-25 07:11:23.554619,bp,16,29.979999542236328,3,1,20,0,0
2022-01-25 07:20:57.471800,bp,16,29.979999542236328,3,0,20,0,0
2022-01-25 07:39:04.696194,bp,18,30.170000076293945,2,1,20,0,0
2022-01-25 07:47:09.404047,bp,18,30.049999237060547,1,1,20,0,0
2022-01-25 07:57:56.935225,bp,21,30.0049991607666,1,1,20,0,0
2022-01-25 08:05:26.056930,bp,25,29.93000030517578,1,3,20,1,0
2022-01-25 08:16:39.597881,bp,22,30.110000610351562,0,3,20,0,0
2022-01-25 08:23:43.018546,bp,22,30.225000381469727,0,2,20,0,0
2022-01-25 08:33:30.691283,bp,19,30.315000534057617,0,2,20,0,0
2022-01-25 08:40:34.642065,bp,16,30.385000228881836,0,2,20,0,0
2022-01-25 08:47:38.163292,bp,15,30.4950008392334,0,1,20,0,0
2022-01-25 08:54:40.711374,bp,14,30.559999465942383,0,1,20,0,0
2022-01-25 09:02:24.662390,bp,24,30.559999465942383,2,3,20,0,0
2022-01-25 09:12:18.963984,bp,24,30.604999542236328,4,2,20,0,0
2022-01-25 09:25:12.919567,bp,20,30.704999923706055,4,1,20,0,0
2022-01-25 09:35:10.536940,bp,23,30.609800338745117,3,1,20,0,0
2022-01-25 09:46:37.696907,bp,27,30.735000610351562,3,1,20,0,0
2022-01-25 09:53:40.959455,bp,28,30.779600143432617,3,1,20,0,0
2022-01-25 10:05:45.675640,bp,25,30.81999969482422,1,0,20,0,0
2022-01-25 10:12:52.083523,bp,28,30.809900283813477,2,1,20,0,0
2022-01-25 10:20:03.599415,bp,29,30.895000457763672,1,1,20,0,0
2022-01-25 10:29:37.503231,bp,25,30.93000030517578,2,1,20,0,0
2022-01-25 10:36:54.669300,bp,20,30.895000457763672,2,1,20,0,0
2022-01-25 10:44:37.504897,bp,18,30.854999542236328,2,1,20,0,0
2022-01-25 10:50:27.189989,bp,18,30.83009910583496,1,1,20,0,0
2022-01-25 10:57:30.593921,bp,20,30.860000610351562,1,1,20,0,0
2022-01-25 11:07:36.943215,bp,21,30.909700393676758,2,1,20,0,0
2022-01-25 11:24:47.838143,bp,26,30.961999893188477,2,1,20,1,0
2022-01-25 11:31:52.011124,bp,22,31.010099411010742,1,1,20,0,0
2022-01-25 11:37:40.081035,bp,22,31.05500030517578,1,1,20,0,0
2022-01-25 11:44:53.385267,bp,18,31.125,1,1,20,0,0
2022-01-25 11:50:40.376826,bp,16,31.165000915527344,1,1,20,0,0
2022-01-25 11:58:58.719856,bp,17,31.174999237060547,2,3,20,0,0
2022-01-25 12:06:02.229020,bp,22,31.1200008392334,3,3,20,0,1
2022-01-25 12:11:54.329451,bp,18,31.18000030517578,2,3,20,0,1
2022-01-25 12:20:13.976627,bp,16,31.25,3,4,20,0,1
2022-01-25 12:29:29.007631,bp,12,31.31999969482422,3,4,20,0,1
2022-01-25 12:36:51.242057,bp,8,31.289899826049805,2,2,20,0,0
2022-01-25 12:53:43.215509,bp,14,31.395000457763672,5,2,20,0,0
2022-01-25 13:00:45.034070,bp,19,31.375,5,1,20,0,0
2022-01-25 13:10:17.965081,bp,22,31.3700008392334,4,2,20,0,0
2022-01-25 13:17:23.607584,bp,20,31.459999084472656,3,1,20,0,0
2022-01-25 13:24:57.765150,bp,21,31.350000381469727,3,1,20,0,0
2022-01-25 13:34:33.069622,bp,20,31.354999542236328,2,1,20,0,0
2022-01-25 13:43:14.695783,bp,16,31.415000915527344,2,1,20,0,0
2022-01-25 13:50:28.729099,bp,13,31.383899688720703,1,1,20,0,0
2022-01-25 13:57:51.880227,bp,15,31.395000457763672,1,2,20,0,0
2022-01-25 14:06:44.469153,bp,21,31.40999984741211,1,3,20,2,0
2022-01-25 14:16:19.336825,bp,22,31.399999618530273,0,3,20,2,0
2022-01-25 14:24:37.401009,bp,26,31.399999618530273,1,4,21,2,0
2022-01-25 14:30:32.855173,bp,28,31.399999618530273,0,4,20,2,0
2022-01-25 14:42:34.886552,bp,24,31.399999618530273,1,3,20,0,0
2022-01-25 14:50:34.108427,bp,22,31.399999618530273,1,3,20,0,0
2022-01-25 14:59:02.767303,bp,21,31.399999618530273,1,2,20,0,0
2022-01-25 15:06:05.328935,bp,24,31.399999618530273,1,1,20,0,0
2022-01-25 15:13:07.395248,bp,22,31.399999618530273,2,1,20,0,0
2022-01-25 15:21:24.641905,bp,26,31.399999618530273,1,1,20,0,0
2022-01-25 15:28:47.899806,bp,23,31.399999618530273,1,2,20,0,0
2022-01-25 15:37:11.584030,bp,22,31.399999618530273,0,2,20,0,0
2022-01-25 15:43:00.555177,bp,22,31.399999618530273,0,2,20,0,0
2022-01-25 15:50:16.785064,bp,21,31.399999618530273,1,2,20,0,0
2022-01-25 15:59:48.197311,bp,33,31.399999618530273,1,3,20,0,0
2022-01-25 16:08:22.262563,bp,29,31.399999618530273,1,3,20,0,0
2022-01-25 16:19:42.158554,bp,27,31.399999618530273,4,3,20,0,0
2022-01-25 16:29:16.125633,bp,24,31.399999618530273,4,2,20,0,0
2022-01-25 16:45:10.432358,bp,18,31.399999618530273,3,2,20,0,0
2022-01-25 16:53:24.153327,bp,18,31.399999618530273,3,2,20,0,0
2022-01-25 17:03:12.726719,bp,17,31.399999618530273,3,3,20,0,0
2022-01-25 17:09:22.324222,bp,18,31.399999618530273,3,3,20,0,0
2022-01-25 17:17:40.050586,bp,14,31.399999618530273,0,2,20,0,0
2022-01-25 17:24:39.261700,bp,13,31.399999618530273,0,1,20,0,0
2022-01-25 17:30:27.967553,bp,13,31.399999618530273,0,1,20,0,0
2022-01-25 17:37:33.423764,bp,12,31.399999618530273,0,0,20,0,0
2022-01-25 17:45:43.466996,bp,12,31.399999618530273,1,0,20,0,0
2022-01-25 17:51:31.453718,bp,13,31.399999618530273,1,0,20,0,0
2022-01-25 17:57:57.967045,bp,14,31.399999618530273,1,0,20,0,0
2022-01-25 18:06:15.964168,bp,21,31.399999618530273,3,1,20,0,0
2022-01-25 18:14:40.129894,bp,20,31.399999618530273,2,1,20,0,0
2022-01-25 18:21:40.680292,bp,15,31.399999618530273,1,1,20,0,0
2022-01-25 18:28:40.604209,bp,16,31.399999618530273,4,2,20,0,0
2022-01-25 18:48:17.112669,bp,14,31.399999618530273,3,3,20,0,0
2022-01-25 18:55:21.951919,bp,14,31.399999618530273,3,3,20,0,0
2022-01-25 19:02:53.738518,bp,16,31.399999618530273,4,4,20,1,0
2022-01-25 19:08:49.546552,bp,14,31.399999618530273,4,4,20,1,0
2022-01-25 19:14:38.337785,bp,12,31.399999618530273,3,2,20,1,0
2022-01-25 19:25:28.253240,bp,10,31.399999618530273,2,0,20,1,0
2022-01-25 19:36:17.333634,bp,10,31.399999618530273,1,2,20,0,0
2022-01-25 19:49:34.938675,bp,8,31.399999618530273,1,1,20,0,1
2022-01-25 19:56:53.766622,bp,9,31.399999618530273,3,1,20,0,0
2022-01-25 20:04:00.081438,bp,13,31.399999618530273,4,1,20,0,0
2022-01-25 20:09:47.885250,bp,14,31.399999618530273,4,1,20,0,0
2022-01-25 20:17:47.210640,bp,15,31.399999618530273,4,1,20,0,0
2022-01-25 20:23:34.995418,bp,15,31.399999618530273,4,1,20,0,0
2022-01-25 20:33:06.404850,bp,12,31.399999618530273,3,0,20,0,0
2022-01-25 20:40:10.494039,bp,16,31.399999618530273,4,0,20,0,0
2022-01-25 20:49:44.465696,bp,17,31.399999618530273,4,1,20,0,0
2022-01-25 21:08:59.556118,bp,15,31.399999618530273,2,1,20,1,0
2022-01-25 21:17:56.032984,bp,13,31.399999618530273,2,1,20,1,0
2022-01-25 21:35:51.837300,bp,15,31.399999618530273,2,1,20,1,1
2022-01-25 21:43:55.560685,bp,13,31.399999618530273,1,0,20,1,1
2022-01-25 21:54:47.782887,bp,12,31.399999618530273,1,0,20,0,0
2022-01-25 22:02:20.929776,bp,21,31.399999618530273,0,1,20,0,0
2022-01-25 22:09:41.760431,bp,20,31.399999618530273,0,2,20,0,0
2022-01-25 22:17:26.632329,bp,22,31.399999618530273,0,2,20,0,0
2022-01-25 22:24:44.285352,bp,22,31.399999618530273,0,2,20,0,0
2022-01-25 22:32:28.678586,bp,19,31.399999618530273,0,1,20,0,0
2022-01-25 22:41:14.535355,bp,15,31.399999618530273,0,1,20,0,0
2022-01-25 22:48:17.446566,bp,17,31.399999618530273,0,1,20,0,0
2022-01-25 22:54:04.330966,bp,18,31.399999618530273,0,2,20,0,0
2022-01-25 22:59:50.155821,bp,17,31.399999618530273,1,1,20,0,0
2022-01-25 23:13:25.853176,bp,16,31.399999618530273,2,1,20,0,0
2022-01-25 23:20:28.296735,bp,14,31.399999618530273,2,1,20,0,0
2022-01-25 23:29:20.196613,bp,15,31.399999618530273,2,1,20,0,0
2022-01-25 23:38:08.117828,bp,15,31.399999618530273,1,1,20,0,0
2022-01-25 23:48:58.541784,bp,13,31.399999618530273,1,1,20,0,0
2022-01-25 23:58:47.730786,bp,13,31.399999618530273,1,0,20,0,0
2022-01-26 00:04:46.004046,bp,13,31.399999618530273,1,1,20,0,0
2022-01-26 00:13:41.701116,bp,10,31.399999618530273,1,1,20,0,0
2022-01-26 00:24:31.171963,bp,12,31.399999618530273,1,1,20,0,0
2022-01-26 00:30:16.321718,bp,10,31.399999618530273,0,1,20,0,0
2022-01-26 00:38:57.305814,bp,12,31.399999618530273,0,1,20,0,0
2022-01-26 00:47:49.904184,bp,11,31.399999618530273,0,1,20,0,2
2022-01-26 00:56:08.356578,bp,8,31.399999618530273,0,0,20,0,0
2022-01-26 01:05:03.852555,bp,8,31.399999618530273,0,1,20,0,0
2022-01-26 01:13:44.882972,bp,9,31.399999618530273,0,1,20,0,0
2022-01-26 01:25:45.567912,bp,9,31.399999618530273,1,1,20,0,0
2022-01-26 01:36:42.246170,bp,10,31.399999618530273,1,1,20,0,0
2022-01-26 01:46:36.764768,bp,6,31.399999618530273,1,0,20,1,0
2022-01-26 01:53:58.306051,bp,8,31.399999618530273,1,0,20,1,0
2022-01-26 01:59:44.387361,bp,11,31.399999618530273,1,2,20,0,0
2022-01-26 02:07:18.601308,bp,11,31.399999618530273,1,0,20,0,0
2022-01-26 02:14:21.956463,bp,12,31.399999618530273,1,0,20,0,0
2022-01-26 02:22:47.263059,bp,11,31.399999618530273,1,0,20,0,0
2022-01-26 02:33:42.530088,bp,12,31.399999618530273,1,2,20,0,0
2022-01-26 02:40:44.528161,bp,13,31.399999618530273,1,2,20,0,0
2022-01-26 02:48:11.301569,bp,13,31.399999618530273,2,2,20,0,0
2022-01-26 02:56:26.879962,bp,14,31.399999618530273,1,2,20,0,0
2022-01-26 03:04:45.079374,bp,14,31.399999618530273,3,1,20,0,1
2022-01-26 03:15:16.245222,bp,15,31.399999618530273,5,1,20,0,1
2022-01-26 03:23:34.225517,bp,12,31.399999618530273,2,1,20,0,1
2022-01-26 03:33:33.521954,bp,14,31.399999618530273,4,0,20,0,1
2022-01-26 03:40:37.956338,bp,15,31.399999618530273,3,0,20,0,1
2022-01-26 03:46:35.625213,bp,13,31.399999618530273,3,0,20,0,1
2022-01-26 03:55:32.005252,bp,12,31.399999618530273,3,0,20,0,1
2022-01-26 04:06:19.640737,bp,16,31.399999618530273,2,0,20,0,0
2022-01-26 04:22:01.734171,bp,19,31.399999618530273,2,0,20,0,0
2022-01-26 04:27:49.095119,bp,19,31.399999618530273,2,0,20,0,0
2022-01-26 04:40:13.964533,bp,13,31.399999618530273,2,0,20,0,0
2022-01-26 04:46:01.077124,bp,13,31.399999618530273,1,0,20,0,0
2022-01-26 04:51:48.813051,bp,14,31.399999618530273,0,0,20,0,0
2022-01-26 04:59:11.045259,bp,19,31.399999618530273,5,0,20,0,0
2022-01-26 05:10:01.197185,bp,18,31.399999618530273,6,0,20,0,0
2022-01-26 05:18:19.064900,bp,12,31.399999618530273,5,0,20,0,0
2022-01-26 05:27:51.666747,bp,11,31.399999618530273,5,0,20,0,0
2022-01-26 05:39:54.586801,bp,14,31.399999618530273,2,0,20,0,0
2022-01-26 05:46:57.193888,bp,14,31.399999618530273,2,0,20,0,0
2022-01-26 05:53:29.169654,bp,13,31.399999618530273,2,0,20,0,0
2022-01-26 06:01:45.431414,bp,16,31.399999618530273,1,0,20,1,0
2022-01-26 06:07:48.256398,bp,15,31.399999618530273,1,0,20,0,0
2022-01-26 06:17:48.140052,bp,15,31.399999618530273,2,1,20,0,0
2022-01-26 06:28:35.985765,bp,18,31.399999618530273,2,1,20,0,0
2022-01-26 06:36:19.102216,bp,17,31.399999618530273,2,1,20,0,0
2022-01-26 06:45:53.552489,bp,13,31.399999618530273,1,1,20,0,0
2022-01-26 06:55:27.862673,bp,14,31.399999618530273,1,1,20,0,0
2022-01-26 07:14:35.583865,bp,21,31.399999618530273,3,0,20,0,0
2022-01-26 07:20:23.844122,bp,16,31.399999618530273,2,1,20,1,0
2022-01-26 07:29:57.368899,bp,15,31.989999771118164,2,2,20,2,0
2022-01-26 07:39:32.014896,bp,15,31.940000534057617,1,2,20,1,0
2022-01-26 07:47:51.924474,bp,17,32.06999969482422,1,2,20,0,0
2022-01-26 07:56:12.101768,bp,17,32.060001373291016,1,1,20,0,0
2022-01-26 08:04:28.175384,bp,14,31.940000534057617,0,2,20,0,0
2022-01-26 08:15:16.022130,bp,16,31.885000228881836,0,3,20,0,0
2022-01-26 08:22:37.421058,bp,15,31.959999084472656,1,2,20,0,0
2022-01-26 08:30:19.176730,bp,14,31.770099639892578,1,2,20,1,0
2022-01-26 08:37:23.981377,bp,15,31.770000457763672,2,1,20,1,0
2022-01-26 08:44:44.722486,bp,15,31.809999465942383,2,1,20,1,0
2022-01-26 08:53:04.322076,bp,11,31.949800491333008,0,1,20,1,0
2022-01-26 09:03:56.536387,bp,26,31.940000534057617,0,2,20,1,0
2022-01-26 09:09:54.850944,bp,23,32.0161018371582,1,1,20,1,0
2022-01-26 09:17:59.917826,bp,23,31.95009994506836,1,1,20,1,0
2022-01-26 09:25:16.565308,bp,22,31.985000610351562,1,2,20,0,0
2022-01-26 09:32:47.036418,bp,19,31.924999237060547,1,1,20,0,0
2022-01-26 09:40:05.991453,bp,16,31.940000534057617,1,1,20,0,0
2022-01-26 09:47:25.521240,bp,17,31.84000015258789,3,2,20,0,0
2022-01-26 09:56:57.851758,bp,18,31.885000228881836,4,3,20,0,0
2022-01-26 10:02:46.513988,bp,23,31.8700008392334,3,3,20,0,0
2022-01-26 10:11:09.954340,bp,24,31.875,3,3,20,0,0
2022-01-26 10:18:23.327074,bp,22,31.81999969482422,3,3,20,0,0
2022-01-26 10:24:22.333200,bp,26,31.809999465942383,5,3,20,1,0
2022-01-26 10:30:15.088785,bp,19,31.8799991607666,4,2,20,1,0
2022-01-26 10:36:58.349438,bp,18,31.883399963378906,4,2,20,1,0
2022-01-26 10:42:46.087152,bp,19,31.924999237060547,3,1,20,1,0
2022-01-26 10:53:07.412233,bp,19,31.909900665283203,2,1,20,1,0
2022-01-26 11:00:21.134407,bp,20,31.854999542236328,2,0,20,1,0
2022-01-26 11:08:40.561445,bp,21,31.85569953918457,3,0,20,0,0
2022-01-26 11:16:59.708034,bp,23,31.825000762939453,4,0,20,0,0
2022-01-26 11:22:46.147532,bp,19,31.78190040588379,2,0,20,0,0
2022-01-26 11:28:31.809955,bp,17,31.81999969482422,2,0,20,0,0
2022-01-26 11:35:36.125062,bp,14,31.850000381469727,2,0,20,0,0
2022-01-26 11:41:23.263543,bp,11,31.864999771118164,2,0,20,0,0
2022-01-26 11:48:26.617836,bp,9,31.8799991607666,2,0,20,0,0
2022-01-26 11:54:14.957674,bp,10,31.884899139404297,2,0,20,0,0
2022-01-26 12:01:34.541229,bp,25,31.940000534057617,4,0,20,0,0
2022-01-26 12:09:13.515527,bp,25,31.875,3,0,20,0,0
2022-01-26 12:15:27.761877,bp,25,31.788000106811523,3,0,20,0,0
2022-01-26 12:22:39.048930,bp,25,31.896099090576172,2,0,20,0,0
2022-01-26 12:31:17.094521,bp,24,31.954999923706055,2,0,20,1,0
2022-01-26 12:38:20.399218,bp,23,31.934999465942383,2,0,20,0,0
2022-01-26 12:44:09.742111,bp,20,31.674999237060547,2,0,20,0,0
2022-01-26 12:51:40.843701,bp,19,31.69499969482422,2,0,20,1,0
2022-01-26 12:59:00.854447,bp,17,31.610000610351562,1,1,20,1,0
2022-01-26 13:04:50.618878,bp,24,31.5,1,1,20,0,1
2022-01-26 13:10:38.705147,bp,17,31.450000762939453,1,0,20,0,1
2022-01-26 13:18:58.327923,bp,18,31.364999771118164,2,1,20,0,1
2022-01-26 13:39:39.761976,bp,12,31.47010040283203,0,0,20,1,0
2022-01-26 13:48:48.961558,bp,13,31.450000762939453,0,0,20,0,0
2022-01-26 13:55:55.491812,bp,11,31.5049991607666,0,0,20,0,0
2022-01-26 14:01:41.017202,bp,19,31.510000228881836,1,2,20,0,0
2022-01-26 14:08:04.920485,bp,21,31.510000228881836,1,1,20,0,0
2022-01-26 14:16:21.484552,bp,18,31.5,1,0,20,0,0
2022-01-26 14:24:43.977317,bp,19,31.5,1,0,20,0,0
2022-01-26 14:31:45.866006,bp,17,31.5,1,0,20,0,0
2022-01-26 14:38:48.795705,bp,17,31.5,2,0,20,0,0
2022-01-26 14:47:42.140954,bp,19,31.5,2,0,20,0,0
2022-01-26 14:54:48.618230,bp,17,31.5,2,0,20,0,0
2022-01-26 15:03:19.388946,bp,22,31.5,3,1,20,0,0
2022-01-26 15:16:40.911885,bp,21,31.5,4,1,20,0,0
2022-01-26 15:23:46.728639,bp,27,31.5,7,4,20,0,0
2022-01-26 15:33:25.061655,bp,33,31.5,6,6,20,0,0
2022-01-26 15:42:08.133370,bp,29,31.5,6,5,20,0,0
2022-01-26 15:47:55.217231,bp,26,31.5,2,4,20,0,1
2022-01-26 15:57:28.695123,bp,26,31.5,2,3,20,0,1
2022-01-26 16:04:40.394278,bp,31,31.5,4,4,20,0,0
2022-01-26 16:12:15.558625,bp,29,31.5,4,4,20,0,0
2022-01-26 16:19:38.586838,bp,21,31.5,2,0,20,0,0
2022-01-26 16:26:48.944039,bp,19,31.5,1,0,20,0,1
2022-01-26 16:34:11.036602,bp,11,31.5,3,0,20,0,0
2022-01-26 16:43:46.193397,bp,7,31.5,2,0,20,0,0
2022-01-26 16:51:10.561536,bp,8,31.5,3,0,20,0,0
2022-01-26 16:58:54.598373,bp,12,31.5,2,0,20,0,0
2022-01-26 17:06:06.118355,bp,11,31.5,2,0,20,0,0
2022-01-26 17:13:10.284847,bp,15,31.5,3,1,20,0,0
2022-01-26 17:27:46.448621,bp,10,31.5,3,0,20,1,0
2022-01-26 17:34:54.699115,bp,13,31.5,3,2,20,1,0
2022-01-26 17:40:46.198166,bp,13,31.5,3,2,20,1,0
2022-01-26 17:47:47.280991,bp,11,31.5,2,2,20,1,0
2022-01-26 17:53:34.108188,bp,11,31.5,2,2,20,1,0
2022-01-26 17:59:20.139543,bp,16,31.5,1,4,20,1,0
2022-01-26 18:09:51.590617,bp,16,31.5,1,3,20,1,0
2022-01-26 18:18:25.559317,bp,14,31.5,1,3,20,0,0
2022-01-26 18:30:31.121264,bp,11,31.5,1,2,20,0,0
2022-01-26 18:37:32.767230,bp,12,31.5,1,1,20,0,0
2022-01-26 18:44:36.472117,bp,12,31.5,1,1,20,0,0
2022-01-26 18:51:42.651537,bp,13,31.5,1,1,20,0,0
2022-01-26 19:02:04.401388,bp,16,31.5,1,2,20,0,0
2022-01-26 19:08:26.494083,bp,18,31.5,1,2,20,0,0
2022-01-26 19:16:44.144416,bp,17,31.5,1,0,20,0,0
2022-01-26 19:22:33.641680,bp,16,31.5,0,0,20,0,0
2022-01-26 19:28:21.962106,bp,16,31.5,0,0,20,0,0
2022-01-26 19:35:47.517881,bp,16,31.5,0,0,20,0,0
2022-01-26 19:41:36.778365,bp,16,31.5,0,0,20,0,0
2022-01-26 19:48:51.081454,bp,16,31.5,0,0,20,0,0
2022-01-26 19:58:24.799666,bp,20,31.5,1,0,20,0,0
2022-01-26 20:07:58.043728,bp,18,31.5,1,0,20,0,0
2022-01-26 20:15:33.953924,bp,14,31.5,1,0,20,0,0
2022-01-26 20:34:06.339315,bp,10,31.5,1,0,20,0,0
2022-01-26 20:46:19.782422,bp,6,31.5,1,0,20,1,0
2022-01-26 20:53:29.538901,bp,5,31.5,1,0,20,1,0
2022-01-26 21:00:39.253218,bp,10,31.5,0,1,20,1,0
2022-01-26 21:07:56.568480,bp,13,31.5,0,1,20,0,0
2022-01-26 21:14:58.053347,bp,12,31.5,0,0,20,0,0
2022-01-26 21:23:18.491374,bp,9,31.5,0,0,20,0,0
2022-01-26 21:32:49.243442,bp,8,31.5,0,0,20,0,0
2022-01-26 21:39:52.503630,bp,8,31.5,0,0,20,1,1
2022-01-26 21:47:17.051666,bp,10,31.5,0,0,20,1,1
2022-01-26 21:55:02.703783,bp,10,31.5,0,0,20,0,0
2022-01-26 22:00:59.425550,bp,14,31.5,0,1,20,0,0
2022-01-26 22:08:00.767588,bp,18,31.5,4,2,20,0,0
2022-01-26 22:18:57.894960,bp,18,31.5,4,1,20,0,0
2022-01-26 22:27:42.170715,bp,18,31.5,6,1,20,0,0
2022-01-26 22:45:11.279993,bp,16,31.5,7,3,20,0,0
2022-01-26 22:52:16.931428,bp,16,31.5,8,4,20,0,0
2022-01-26 22:58:04.011338,bp,15,31.5,7,3,20,0,0
2022-01-26 23:07:38.657555,bp,19,31.5,6,3,20,0,0
2022-01-26 23:14:40.512830,bp,18,31.5,7,2,20,0,0
2022-01-26 23:23:16.008465,bp,17,31.5,6,1,20,0,0
2022-01-26 23:31:35.490670,bp,15,31.5,4,2,20,0,0
2022-01-26 23:41:10.019831,bp,11,31.5,3,0,20,0,0
2022-01-26 23:48:19.646751,bp,12,31.5,3,0,20,0,0
2022-01-26 23:55:20.684344,bp,10,31.5,1,0,20,0,0
2022-01-27 00:04:11.274064,bp,11,31.5,1,1,20,0,0
2022-01-27 00:11:36.810443,bp,11,31.5,0,1,20,0,0
2022-01-27 00:21:56.848348,bp,11,31.5,0,1,20,0,0
2022-01-27 00:29:19.365114,bp,13,31.5,0,0,20,0,0
2022-01-27 00:36:37.010204,bp,12,31.5,0,0,20,1,2
2022-01-27 00:43:35.978033,bp,11,31.5,0,0,20,1,2
2022-01-27 00:50:38.793312,bp,13,31.5,0,0,20,1,2
2022-01-27 01:08:24.934810,bp,11,31.5,1,0,20,2,2
2022-01-27 01:16:22.710935,bp,9,31.5,0,0,20,1,2
2022-01-27 01:23:28.505040,bp,7,31.5,0,0,20,1,0
2022-01-27 01:30:50.205224,bp,6,31.5,1,0,20,1,0
2022-01-27 01:40:53.546300,bp,5,31.5,1,0,20,1,1
2022-01-27 01:57:33.873204,bp,5,31.5,1,0,20,0,0
2022-01-27 02:03:20.279125,bp,9,31.5,3,1,20,1,0
2022-01-27 02:10:23.598288,bp,8,31.5,2,0,20,0,1
2022-01-27 02:17:44.690701,bp,8,31.5,3,0,20,0,0
2022-01-27 02:25:11.400926,bp,10,31.5,3,0,20,0,0
2022-01-27 02:33:58.679838,bp,8,31.5,3,0,20,0,0
2022-01-27 02:42:17.473463,bp,7,31.5,3,0,20,0,0
2022-01-27 02:48:43.733757,bp,8,31.5,3,0,20,0,0
2022-01-27 02:54:30.502906,bp,9,31.5,1,0,20,0,0
2022-01-27 03:06:45.161484,bp,16,31.5,1,1,20,0,0
2022-01-27 03:24:39.182805,bp,19,31.5,2,0,20,0,0
2022-01-27 03:30:50.407645,bp,20,31.5,2,1,20,0,0
2022-01-27 03:38:37.486950,bp,15,31.5,1,1,20,0,0
2022-01-27 03:45:39.533445,bp,12,31.5,1,1,20,0,0
2022-01-27 03:51:28.401967,bp,12,31.5,2,1,20,0,0
2022-01-27 03:57:32.685951,bp,10,31.5,1,1,20,0,0
2022-01-27 04:04:56.761707,bp,17,31.5,1,2,20,0,0
2022-01-27 04:14:29.479520,bp,12,31.5,1,1,20,0,0
2022-01-27 04:25:18.925146,bp,11,31.5,1,1,20,0,0
2022-01-27 04:34:53.217337,bp,10,31.5,1,1,20,0,0
2022-01-27 04:46:56.858830,bp,12,31.5,1,1,20,0,0
2022-01-27 04:52:48.322012,bp,11,31.5,0,1,20,0,0
2022-01-27 05:01:04.207887,bp,11,31.5,0,0,20,0,0
2022-01-27 05:14:05.758741,bp,14,31.5,1,0,20,0,0
2022-01-27 05:22:26.473645,bp,14,31.5,1,0,20,0,0
2022-01-27 05:28:14.396053,bp,13,31.5,1,0,20,0,1
2022-01-27 05:39:38.576142,bp,11,31.5,1,0,20,0,0
2022-01-27 05:47:58.295309,bp,12,31.5,1,2,20,0,0
2022-01-27 05:56:17.704785,bp,16,31.5,1,2,20,0,0
2022-01-27 06:02:05.488319,bp,18,31.5,1,2,20,0,0
2022-01-27 06:08:16.928198,bp,24,31.5,4,3,20,0,0
2022-01-27 06:14:18.051745,bp,19,31.5,4,2,20,0,0
2022-01-27 06:22:39.805754,bp,17,31.5,3,1,20,0,0
2022-01-27 06:28:39.146989,bp,20,31.5,3,1,20,0,0
2022-01-27 06:35:35.115479,bp,18,31.5,2,1,20,0,0
2022-01-27 06:44:18.467788,bp,19,31.5,1,0,20,0,0
2022-01-27 07:05:24.845993,bp,29,31.5,4,0,20,0,0
2022-01-27 07:11:16.765932,bp,29,31.5,5,0,20,2,0
2022-01-27 07:20:51.126941,bp,27,31.5,6,0,20,2,0
2022-01-27 07:30:24.308034,bp,25,32.064998626708984,7,0,20,0,0
2022-01-27 07:38:07.908557,bp,23,32.10499954223633,7,0,20,0,0
2022-01-27 07:48:55.788395,bp,22,32.06999969482422,6,0,20,0,0
2022-01-27 07:58:32.251407,bp,27,31.95009994506836,9,1,20,1,0
2022-01-27 08:05:46.361565,bp,22,31.860000610351562,7,1,20,1,0
2022-01-27 08:11:38.894847,bp,19,31.9197998046875,5,1,20,1,0
2022-01-27 08:20:41.083131,bp,20,31.753799438476562,5,1,20,1,0
2022-01-27 08:28:44.886910,bp,17,31.560800552368164,3,2,20,1,0
2022-01-27 08:38:35.113639,bp,19,31.530000686645508,4,2,20,1,0
2022-01-27 08:45:37.517845,bp,19,31.645000457763672,4,3,20,1,0
2022-01-27 08:55:17.072561,bp,14,31.666099548339844,2,2,20,1,0
2022-01-27 09:07:03.711274,bp,18,31.635000228881836,2,2,20,1,0
2022-01-27 09:14:07.370773,bp,20,31.4950008392334,2,2,20,1,0
2022-01-27 09:22:29.309043,bp,18,31.479999542236328,1,1,20,0,0
2022-01-27 09:33:18.068120,bp,15,31.524999618530273,2,1,20,0,1
2022-01-27 09:41:59.355076,bp,12,31.469900131225586,1,0,20,0,1
2022-01-27 09:49:03.427720,bp,12,31.5,1,1,20,0,1
2022-01-27 09:56:05.330967,bp,11,31.53499984741211,1,1,20,0,1
2022-01-27 10:01:56.376707,bp,14,31.545700073242188,1,1,20,0,2
2022-01-27 10:08:02.931844,bp,22,31.43000030517578,3,2,20,0,1
2022-01-27 10:16:22.290733,bp,21,31.454999923706055,3,2,20,0,1
2022-01-27 10:23:29.827446,bp,20,31.440000534057617,2,2,20,0,1
2022-01-27 10:31:14.138252,bp,21,31.395000457763672,2,2,20,0,1
2022-01-27 10:39:34.453264,bp,20,31.375,2,2,20,0,0
2022-01-27 10:49:10.348496,bp,22,31.27560043334961,3,1,20,0,0
2022-01-27 10:59:59.025659,bp,20,31.239999771118164,3,1,20,0,0
2022-01-27 11:10:28.841859,bp,12,31.219999313354492,2,1,20,0,0
2022-01-27 11:18:58.053932,bp,15,31.229999542236328,3,1,20,0,0
2022-01-27 11:27:18.990313,bp,16,31.170000076293945,3,1,20,0,0
2022-01-27 11:34:23.185739,bp,11,31.225000381469727,3,0,20,0,0
2022-01-27 11:41:42.198195,bp,9,31.224199295043945,2,0,20,0,0
2022-01-27 11:57:14.777789,bp,9,31.31999969482422,1,0,20,0,0
2022-01-27 12:04:48.412258,bp,15,31.424999237060547,1,2,20,0,0
2022-01-27 12:11:01.056401,bp,13,31.40999984741211,1,1,20,0,0
2022-01-27 12:19:07.439069,bp,18,31.375,1,1,20,0,0
2022-01-27 12:28:41.902920,bp,14,31.329999923706055,1,1,20,0,0
2022-01-27 12:36:32.864255,bp,17,31.325000762939453,1,3,20,0,0
2022-01-27 12:49:24.527789,bp,15,31.410900115966797,1,3,20,0,0
2022-01-27 12:58:09.491556,bp,15,31.325000762939453,0,3,20,0,1
2022-01-27 13:07:42.653160,bp,23,31.424999237060547,0,5,20,0,2
2022-01-27 13:21:07.954924,bp,19,31.3799991607666,1,4,20,0,2
2022-01-27 13:28:23.246334,bp,19,31.476699829101562,1,2,20,0,2
2022-01-27 13:35:45.562662,bp,15,31.440000534057617,1,2,20,0,2
2022-01-27 13:42:54.470895,bp,14,31.5,1,2,20,0,1
2022-01-27 13:50:14.028197,bp,16,31.485000610351562,1,2,20,0,2
2022-01-27 13:59:48.414592,bp,17,31.540000915527344,2,1,20,0,1
2022-01-27 14:05:35.402070,bp,14,31.540000915527344,1,0,20,0,1
2022-01-27 14:15:11.941989,bp,13,31.530000686645508,0,0,20,0,0
2022-01-27 14:22:32.986969,bp,13,31.530000686645508,1,0,20,0,0
2022-01-27 14:28:20.454785,bp,13,31.530000686645508,1,0,20,0,0
2022-01-27 14:34:10.308042,bp,10,31.530000686645508,1,0,20,0,0
2022-01-27 14:41:13.191416,bp,11,31.530000686645508,1,0,20,0,0
2022-01-27 14:48:19.335168,bp,12,31.530000686645508,1,0,20,0,0
2022-01-27 14:54:09.198719,bp,16,31.530000686645508,1,0,20,0,0
2022-01-27 15:00:01.606854,bp,23,31.530000686645508,3,0,20,0,0
2022-01-27 15:07:31.368731,bp,24,31.530000686645508,2,0,20,0,0
2022-01-27 15:13:18.547153,bp,22,31.530000686645508,2,0,20,0,0
2022-01-27 15:19:06.038807,bp,21,31.530000686645508,2,1,20,0,0
2022-01-27 15:24:53.118407,bp,26,31.530000686645508,2,2,20,0,0
2022-01-27 15:31:54.072842,bp,26,31.530000686645508,1,2,20,0,0
2022-01-27 15:39:10.942915,bp,25,31.530000686645508,1,4,20,0,0
2022-01-27 15:49:21.346744,bp,21,31.530000686645508,0,5,20,1,0
2022-01-27 16:02:39.898873,bp,24,31.530000686645508,0,4,20,0,0
2022-01-27 16:13:29.176223,bp,18,31.530000686645508,0,3,20,1,0
2022-01-27 16:21:31.963998,bp,17,31.530000686645508,0,3,20,1,0
2022-01-27 16:29:48.334563,bp,15,31.530000686645508,0,3,20,0,0
2022-01-27 16:37:16.912737,bp,9,31.530000686645508,0,0,20,1,1
2022-01-27 16:45:55.073263,bp,9,31.530000686645508,2,0,20,1,0
2022-01-27 16:53:00.622914,bp,8,31.530000686645508,2,0,20,1,0
2022-01-27 17:04:08.519553,bp,15,31.530000686645508,2,0,20,1,0
2022-01-27 17:14:56.196916,bp,16,31.530000686645508,3,0,20,1,1
2022-01-27 17:20:43.851369,bp,15,31.530000686645508,3,0,20,1,1
2022-01-27 17:29:30.711909,bp,14,31.530000686645508,3,0,20,1,1
2022-01-27 17:39:02.073049,bp,13,31.530000686645508,3,0,20,0,1
2022-01-27 17:45:12.090691,bp,14,31.530000686645508,2,0,20,0,1
2022-01-27 17:51:02.521559,bp,15,31.530000686645508,2,0,20,0,1
2022-01-27 17:58:06.192927,bp,19,31.530000686645508,5,1,20,0,0
2022-01-27 18:09:14.618629,bp,11,31.530000686645508,3,0,20,0,0
2022-01-27 18:16:19.160086,bp,13,31.530000686645508,4,1,20,0,0
2022-01-27 18:23:23.437556,bp,12,31.530000686645508,4,2,20,0,0
2022-01-27 18:31:41.047345,bp,10,31.530000686645508,2,3,20,0,0
2022-01-27 18:41:16.212412,bp,9,31.530000686645508,2,2,20,0,0
2022-01-27 18:53:22.041750,bp,7,31.530000686645508,0,3,20,0,0
2022-01-27 19:01:42.959888,bp,14,31.530000686645508,1,3,20,0,0
2022-01-27 19:12:35.598988,bp,12,31.530000686645508,0,4,20,0,1
2022-01-27 19:20:25.990057,bp,10,31.530000686645508,0,2,20,0,1
2022-01-27 19:27:37.769652,bp,11,31.530000686645508,0,2,20,0,1
2022-01-27 19:34:41.657344,bp,11,31.530000686645508,0,2,20,0,1
2022-01-27 19:42:12.618487,bp,7,31.530000686645508,0,1,20,0,1
2022-01-27 19:49:16.459901,bp,7,31.530000686645508,1,1,20,0,1
2022-01-27 19:58:49.010738,bp,8,31.530000686645508,1,1,20,0,0
2022-01-27 20:09:39.812644,bp,5,31.530000686645508,1,0,20,1,0
2022-01-27 20:16:43.302612,bp,5,31.530000686645508,1,0,20,2,0
2022-01-27 20:24:29.341702,bp,7,31.530000686645508,1,0,20,1,0
2022-01-27 20:32:48.592945,bp,5,31.530000686645508,0,0,20,2,0
2022-01-27 20:39:00.398117,bp,3,31.530000686645508,0,0,20,1,0
2022-01-27 20:44:57.999957,bp,5,31.530000686645508,0,0,20,2,0
2022-01-27 20:53:06.518749,bp,8,31.530000686645508,0,0,20,2,0
2022-01-27 21:03:56.330952,bp,14,31.530000686645508,1,1,20,1,0
2022-01-27 21:13:48.478226,bp,14,31.530000686645508,1,1,20,2,0
2022-01-27 21:21:08.008979,bp,14,31.530000686645508,2,1,20,1,0
2022-01-27 21:29:48.968843,bp,14,31.530000686645508,2,0,20,2,0
2022-01-27 21:36:51.382072,bp,14,31.530000686645508,2,0,20,1,0
2022-01-27 21:45:14.236036,bp,11,31.530000686645508,2,0,20,2,0
2022-01-27 21:52:28.384382,bp,11,31.530000686645508,2,0,20,2,0
2022-01-27 21:59:43.468665,bp,17,31.530000686645508,2,0,20,1,0
2022-01-27 22:09:16.853150,bp,17,31.530000686645508,1,0,20,0,0
2022-01-27 22:17:00.539407,bp,15,31.530000686645508,0,1,20,1,1
2022-01-27 22:23:09.146527,bp,14,31.530000686645508,0,1,20,1,1
2022-01-27 22:32:20.920182,bp,13,31.530000686645508,1,0,20,2,2
2022-01-27 22:40:59.299083,bp,12,31.530000686645508,0,1,20,1,1
2022-01-27 22:50:59.944536,bp,11,31.530000686645508,0,1,20,1,1
2022-01-27 23:01:01.907191,bp,12,31.530000686645508,0,2,20,1,1
2022-01-27 23:11:06.308216,bp,8,31.530000686645508,0,1,20,1,1
2022-01-27 23:18:27.910843,bp,8,31.530000686645508,0,1,20,0,0
2022-01-27 23:28:08.644324,bp,6,31.530000686645508,0,1,20,0,0
2022-01-27 23:34:23.505650,bp,7,31.530000686645508,0,1,20,1,0
2022-01-27 23:42:06.276649,bp,5,31.530000686645508,0,1,20,1,0
2022-01-27 23:48:00.399206,bp,6,31.530000686645508,0,0,20,1,0
2022-01-27 23:57:44.189341,bp,6,31.530000686645508,0,0,20,0,0
2022-01-28 00:14:05.926210,bp,14,31.530000686645508,3,1,20,0,0
2022-01-28 00:22:22.549883,bp,13,31.530000686645508,4,0,20,0,0
2022-01-28 00:31:01.653773,bp,11,31.530000686645508,2,0,20,0,0
2022-01-28 00:39:19.713301,bp,10,31.530000686645508,1,0,20,0,0
2022-01-28 00:46:39.013595,bp,11,31.530000686645508,1,0,20,0,0
2022-01-28 00:54:07.847532,bp,9,31.530000686645508,1,0,20,0,0
2022-01-28 01:06:13.047612,bp,5,31.530000686645508,1,0,20,0,0
2022-01-28 01:13:30.676512,bp,5,31.530000686645508,0,0,20,0,0
2022-01-28 01:20:48.387856,bp,10,31.530000686645508,0,0,20,0,0
2022-01-28 01:28:21.647048,bp,12,31.530000686645508,1,0,20,0,0
2022-01-28 01:36:45.636525,bp,13,31.530000686645508,1,0,20,0,0
2022-01-28 01:45:21.378729,bp,11,31.530000686645508,1,0,20,0,0
2022-01-28 01:52:25.542571,bp,10,31.530000686645508,1,0,20,0,0
2022-01-28 01:58:10.648746,bp,12,31.530000686645508,1,0,20,0,0
2022-01-28 02:03:58.720127,bp,14,31.530000686645508,0,0,20,2,0
2022-01-28 02:10:22.759696,bp,11,31.530000686645508,0,0,20,2,0
2022-01-28 02:17:28.022721,bp,11,31.530000686645508,1,0,20,0,0
2022-01-28 02:25:29.700018,bp,11,31.530000686645508,1,0,20,0,0
2022-01-28 02:33:18.685430,bp,11,31.530000686645508,1,0,20,0,0
2022-01-28 02:41:49.955452,bp,11,31.530000686645508,1,1,20,0,0
2022-01-28 02:47:33.616069,bp,13,31.530000686645508,2,1,20,0,0
2022-01-28 02:58:21.987913,bp,13,31.530000686645508,2,1,20,0,0
2022-01-28 03:06:42.020810,bp,25,31.530000686645508,4,2,20,0,0
2022-01-28 03:28:30.218553,bp,21,31.530000686645508,4,1,20,0,0
2022-01-28 03:41:49.605833,bp,19,31.530000686645508,4,0,20,0,0
2022-01-28 03:50:07.583473,bp,16,31.530000686645508,3,0,20,0,0
2022-01-28 04:00:21.604775,bp,16,31.530000686645508,3,0,20,0,0
2022-01-28 04:09:27.798718,bp,16,31.530000686645508,3,1,20,0,0
2022-01-28 04:18:12.072642,bp,15,31.530000686645508,0,1,20,0,0
2022-01-28 04:26:31.133682,bp,12,31.530000686645508,1,1,20,0,0
2022-01-28 04:35:21.609537,bp,11,31.530000686645508,1,1,20,0,0
2022-01-28 04:42:25.577873,bp,14,31.530000686645508,1,1,20,0,0
2022-01-28 04:49:59.193737,bp,12,31.530000686645508,1,1,20,0,0
2022-01-28 04:57:01.853061,bp,16,31.530000686645508,2,0,20,0,0
2022-01-28 05:10:21.369432,bp,25,31.530000686645508,4,1,20,0,0
2022-01-28 05:18:30.039432,bp,23,31.530000686645508,3,0,20,0,0
2022-01-28 05:28:52.016268,bp,24,31.530000686645508,4,0,20,0,0
2022-01-28 05:37:13.719167,bp,24,31.530000686645508,4,0,20,1,0
2022-01-28 05:45:33.418774,bp,23,31.530000686645508,4,0,20,0,0
2022-01-28 05:51:38.637168,bp,22,31.530000686645508,3,0,20,0,0
2022-01-28 05:57:27.091884,bp,19,31.530000686645508,1,0,21,0,0
2022-01-28 06:04:59.623795,bp,20,31.530000686645508,2,0,20,0,0
2022-01-28 06:12:23.643467,bp,15,31.530000686645508,0,0,20,0,0
2022-01-28 06:21:56.743969,bp,13,31.530000686645508,0,0,20,0,0
2022-01-28 06:29:20.603471,bp,14,31.530000686645508,0,1,20,0,0
2022-01-28 06:41:25.310616,bp,10,31.530000686645508,1,2,20,0,0
2022-01-28 06:50:35.910572,bp,13,31.530000686645508,0,2,20,0,0
2022-01-28 06:56:25.046431,bp,13,31.530000686645508,0,2,20,0,0
2022-01-28 07:05:07.931779,bp,15,31.530000686645508,3,0,20,0,0
2022-01-28 07:12:37.796372,bp,20,31.530000686645508,2,0,20,0,0
2022-01-28 07:24:44.039639,bp,19,31.530000686645508,1,2,20,0,0
2022-01-28 07:32:29.906412,bp,19,31.084999084472656,2,2,20,0,0
2022-01-28 07:40:47.528115,bp,14,31.270000457763672,3,2,20,0,0
2022-01-28 07:51:37.112829,bp,11,31.309999465942383,2,2,20,0,0
2022-01-28 08:01:23.103886,bp,16,31.020000457763672,4,1,20,0,0
2022-01-28 08:09:43.926500,bp,18,31.174999237060547,2,1,20,1,0
2022-01-28 08:17:12.944363,bp,16,31.239599227905273,2,0,20,0,0
2022-01-28 08:25:50.338865,bp,16,31.209999084472656,3,0,20,0,0
2022-01-28 08:32:54.905141,bp,16,31.065000534057617,2,0,20,0,0
2022-01-28 08:40:35.503762,bp,19,30.954999923706055,2,0,20,0,0
2022-01-28 08:51:25.313494,bp,20,30.954999923706055,3,0,20,0,0
2022-01-28 09:02:13.698308,bp,32,30.93000030517578,4,3,20,0,0
2022-01-28 09:13:03.035161,bp,27,30.985000610351562,2,2,20,0,0
2022-01-28 09:21:46.941443,bp,24,31.081499099731445,1,2,20,0,0
2022-01-28 09:27:36.170584,bp,20,31.135000228881836,1,2,20,0,0
2022-01-28 09:34:40.421658,bp,19,31.065000534057617,1,2,20,0,0
2022-01-28 09:42:58.447157,bp,18,31.065000534057617,1,1,20,0,0
2022-01-28 09:51:17.764391,bp,18,31.040000915527344,0,1,20,0,0
2022-01-28 09:58:21.878197,bp,18,31.100000381469727,1,1,20,0,0
2022-01-28 10:26:19.398626,bp,15,31.06999969482422,2,0,20,0,0
2022-01-28 10:34:49.362117,bp,11,30.984600067138672,2,0,20,0,0
2022-01-28 10:40:39.914941,bp,10,30.889999389648438,2,0,20,0,0
2022-01-28 10:46:26.271121,bp,9,30.854999542236328,2,0,20,0,0
2022-01-28 10:53:27.823139,bp,12,30.809999465942383,2,0,20,0,0
2022-01-28 11:00:29.850946,bp,14,30.825000762939453,2,0,20,0,0
2022-01-28 11:07:51.499746,bp,12,30.899999618530273,1,0,20,0,0
2022-01-28 11:16:50.330987,bp,10,30.94499969482422,2,0,20,0,0
2022-01-28 11:24:45.832402,bp,11,30.954999923706055,1,0,20,0,0
2022-01-28 11:38:05.693176,bp,11,30.934999465942383,1,0,20,1,0
2022-01-28 11:45:30.214497,bp,9,30.950000762939453,1,0,20,1,0
2022-01-28 11:55:12.266202,bp,5,30.9950008392334,0,0,20,1,0
2022-01-28 12:02:25.217711,bp,13,30.969999313354492,1,4,20,0,0
2022-01-28 12:10:42.709267,bp,13,30.850000381469727,2,2,20,0,0
2022-01-28 12:21:44.565182,bp,14,30.719999313354492,2,2,20,1,0
2022-01-28 12:27:31.673267,bp,16,30.649999618530273,2,2,20,0,0
2022-01-28 12:37:06.043957,bp,12,30.674999237060547,2,2,20,0,0
2022-01-28 12:45:24.036105,bp,12,30.774999618530273,2,0,20,0,0
2022-01-28 12:53:12.940649,bp,12,30.799999237060547,2,0,20,0,0
2022-01-28 12:59:02.362045,bp,29,30.864999771118164,3,1,20,0,0
2022-01-28 13:09:56.227693,bp,24,30.850000381469727,1,1,20,0,0
2022-01-28 13:15:43.185676,bp,28,30.8700008392334,2,1,20,0,1
2022-01-28 13:23:11.177018,bp,24,30.885000228881836,2,1,20,0,1
2022-01-28 13:30:12.030775,bp,19,30.895000457763672,2,2,20,0,1
2022-01-28 13:37:18.209035,bp,16,30.985000610351562,1,2,20,0,1
2022-01-28 13:48:08.179831,bp,16,31.059999465942383,0,2,20,0,0
2022-01-28 13:55:35.902988,bp,14,31.05500030517578,0,2,20,0,0
2022-01-28 14:02:37.818398,bp,13,31.075000762939453,0,2,20,0,0
2022-01-28 14:08:28.651114,bp,13,31.075000762939453,0,2,20,0,0
2022-01-28 14:16:11.213836,bp,11,31.06999969482422,1,1,20,0,0
2022-01-28 14:21:55.968000,bp,11,31.06999969482422,1,0,20,0,0
2022-01-28 14:30:15.827472,bp,11,31.06999969482422,1,0,20,0,0
2022-01-28 14:36:05.806895,bp,11,31.06999969482422,1,0,20,0,0
2022-01-28 14:41:51.249677,bp,11,31.06999969482422,1,0,20,0,0
2022-01-28 14:48:02.226284,bp,16,31.06999969482422,1,1,20,0,0
2022-01-28 14:56:47.733216,bp,18,31.06999969482422,1,1,20,0,0
2022-01-28 15:10:13.895555,bp,32,31.06999969482422,2,2,20,1,1
2022-01-28 15:16:06.253943,bp,32,31.06999969482422,2,2,20,1,1
2022-01-28 15:22:27.087277,bp,29,31.06999969482422,2,2,20,0,0
2022-01-28 15:28:19.343953,bp,26,31.06999969482422,2,2,20,0,0
2022-01-28 15:36:44.521417,bp,28,31.06999969482422,2,3,20,0,0
2022-01-28 15:47:45.812292,bp,25,31.06999969482422,2,2,20,0,0
2022-01-28 15:57:38.285264,bp,29,31.06999969482422,3,3,20,0,0
2022-01-28 16:07:14.046652,bp,22,31.06999969482422,2,3,20,0,0
2022-01-28 16:14:22.846379,bp,18,31.06999969482422,2,3,20,0,0
2022-01-28 16:24:12.842107,bp,16,31.06999969482422,2,3,20,0,0
2022-01-28 16:32:55.793106,bp,14,31.06999969482422,2,1,20,0,0
2022-01-28 16:38:43.465777,bp,6,31.06999969482422,2,0,20,0,0
2022-01-28 16:47:29.497257,bp,4,31.06999969482422,1,0,20,0,0
2022-01-28 16:54:57.401440,bp,4,31.06999969482422,1,0,20,0,0
2022-01-28 17:02:15.797801,bp,11,31.06999969482422,2,0,20,0,0
2022-01-28 17:08:43.506189,bp,15,31.06999969482422,3,4,20,0,0
2022-01-28 17:15:43.749810,bp,18,31.06999969482422,3,3,20,0,0
2022-01-28 17:37:40.164237,bp,10,31.06999969482422,1,3,20,0,0
2022-01-28 17:44:43.950324,bp,10,31.06999969482422,1,3,20,0,1
2022-01-28 17:53:21.678516,bp,14,31.06999969482422,2,3,20,0,1
2022-01-28 18:00:32.361246,bp,15,31.06999969482422,1,1,20,0,1
2022-01-28 18:18:45.906392,bp,10,31.06999969482422,1,0,20,0,1
2022-01-28 18:26:14.035072,bp,8,31.06999969482422,1,0,20,0,1
2022-01-28 18:33:25.297571,bp,5,31.06999969482422,1,0,20,0,1
2022-01-28 18:40:38.483851,bp,6,31.06999969482422,2,0,20,0,1
2022-01-28 18:48:56.156126,bp,7,31.06999969482422,2,0,20,0,1
2022-01-28 19:05:42.986324,bp,12,31.06999969482422,3,1,20,0,0
2022-01-28 19:12:44.841762,bp,9,31.06999969482422,3,0,20,0,0
2022-01-28 19:21:23.009503,bp,9,31.06999969482422,3,1,20,0,0
2022-01-28 19:30:55.463164,bp,9,31.06999969482422,3,1,20,0,0
2022-01-28 19:40:56.991379,bp,5,31.06999969482422,0,1,20,0,0
2022-01-28 19:47:59.332940,bp,2,31.06999969482422,0,1,20,0,0
2022-01-28 19:53:45.819897,bp,2,31.06999969482422,0,1,20,0,0
2022-01-28 20:05:46.493091,bp,5,31.06999969482422,1,1,20,0,0
2022-01-28 20:14:07.891214,bp,5,31.06999969482422,1,1,20,0,0
2022-01-28 20:20:10.919034,bp,5,31.06999969482422,1,1,21,0,0
2022-01-28 20:28:07.916345,bp,7,31.06999969482422,0,1,20,0,0
2022-01-28 20:36:36.189564,bp,10,31.06999969482422,0,1,20,0,0
2022-01-28 20:52:43.001019,bp,12,31.06999969482422,1,1,20,0,0
2022-01-28 20:58:29.126534,bp,15,31.06999969482422,1,2,20,0,0
2022-01-28 21:08:48.691977,bp,13,31.06999969482422,1,2,20,1,0
2022-01-28 21:15:50.288567,bp,11,31.06999969482422,1,2,20,1,0
2022-01-28 21:23:03.367768,bp,9,31.06999969482422,0,2,20,1,0
2022-01-28 21:31:23.963568,bp,7,31.06999969482422,1,0,20,1,0
2022-01-28 21:38:26.782245,bp,10,31.06999969482422,2,1,20,1,0
2022-01-28 21:46:07.393134,bp,11,31.06999969482422,2,1,20,1,0
2022-01-28 21:53:59.699569,bp,12,31.06999969482422,3,1,20,1,0
2022-01-28 22:01:54.744146,bp,18,31.06999969482422,4,1,20,1,0
2022-01-28 22:07:46.676368,bp,22,31.06999969482422,4,1,20,1,0
2022-01-28 22:13:31.691154,bp,20,31.06999969482422,3,1,20,0,0
2022-01-28 22:19:17.627025,bp,20,31.06999969482422,3,1,20,0,0
2022-01-28 22:27:50.684788,bp,10,31.06999969482422,0,0,20,0,0
2022-01-28 22:38:50.386830,bp,10,31.06999969482422,0,0,20,0,0
2022-01-28 22:44:43.679561,bp,7,31.06999969482422,0,0,20,0,0
2022-01-28 22:55:21.518605,bp,10,31.06999969482422,1,0,20,0,0
2022-01-28 23:02:29.778638,bp,9,31.06999969482422,1,0,20,0,0
2022-01-28 23:13:14.171391,bp,8,31.06999969482422,1,0,20,0,0
2022-01-28 23:21:30.460244,bp,8,31.06999969482422,1,0,20,0,0
2022-01-28 23:28:29.955313,bp,5,31.06999969482422,1,0,20,0,0
2022-01-28 23:36:14.891351,bp,7,31.06999969482422,1,1,20,0,0
2022-01-28 23:43:13.631212,bp,5,31.06999969482422,0,1,20,0,0
2022-01-28 23:51:48.753154,bp,6,31.06999969482422,0,1,20,0,0
2022-01-29 00:02:32.740529,bp,8,31.06999969482422,0,2,20,1,0
2022-01-29 00:09:50.090510,bp,7,31.06999969482422,0,2,20,1,0
2022-01-29 00:16:50.695261,bp,8,31.06999969482422,0,2,20,1,0
2022-01-29 00:27:36.788254,bp,10,31.06999969482422,1,2,20,0,0
2022-01-29 00:33:22.769645,bp,12,31.06999969482422,1,2,20,0,0
2022-01-29 00:39:07.106494,bp,9,31.06999969482422,1,1,20,0,0
2022-01-29 00:50:07.761378,bp,9,31.06999969482422,1,1,20,0,0
2022-01-29 00:55:50.181686,bp,10,31.06999969482422,1,1,20,0,0
2022-01-29 01:01:34.051134,bp,13,31.06999969482422,1,0,20,1,0
2022-01-29 01:09:12.623791,bp,13,31.06999969482422,1,0,20,0,0
2022-01-29 01:16:30.809016,bp,13,31.06999969482422,1,0,20,1,0
2022-01-29 01:23:37.720891,bp,9,31.06999969482422,0,0,20,1,0
2022-01-29 01:33:05.240050,bp,8,31.06999969482422,0,0,20,2,0
2022-01-29 01:41:08.394840,bp,9,31.06999969482422,0,0,20,1,1
2022-01-29 01:53:06.628321,bp,3,31.06999969482422,0,1,20,1,1
2022-01-29 02:02:56.565847,bp,6,31.06999969482422,1,1,20,2,1
2022-01-29 02:10:15.636657,bp,10,31.06999969482422,1,1,20,1,1
2022-01-29 02:30:10.961843,bp,11,31.06999969482422,2,1,20,0,1
2022-01-29 02:39:39.694602,bp,12,31.06999969482422,2,1,20,0,0
2022-01-29 02:48:25.242920,bp,10,31.06999969482422,1,0,20,1,1
2022-01-29 02:55:23.852204,bp,8,31.06999969482422,1,0,20,1,0
2022-01-29 03:03:38.145542,bp,8,31.06999969482422,2,0,20,1,0
2022-01-29 03:10:37.063189,bp,7,31.06999969482422,4,0,20,1,0
2022-01-29 03:18:50.168106,bp,7,31.06999969482422,4,0,20,1,0
2022-01-29 03:26:09.122311,bp,9,31.06999969482422,5,0,20,1,0
2022-01-29 03:33:19.466950,bp,9,31.06999969482422,4,0,20,1,0
2022-01-29 03:39:02.109450,bp,10,31.06999969482422,4,0,20,1,0
2022-01-29 03:47:40.663699,bp,8,31.06999969482422,3,0,20,1,0
2022-01-29 03:54:39.693846,bp,9,31.06999969482422,3,0,20,1,0
2022-01-29 04:00:24.439679,bp,13,31.06999969482422,3,1,20,0,0
2022-01-29 04:11:11.383869,bp,13,31.06999969482422,1,1,20,0,0
2022-01-29 04:18:34.769889,bp,11,31.06999969482422,1,1,20,0,0
2022-01-29 04:26:47.158078,bp,9,31.06999969482422,1,0,20,0,0
2022-01-29 04:33:49.244702,bp,8,31.06999969482422,1,0,20,0,1
2022-01-29 04:39:33.854085,bp,8,31.06999969482422,1,0,20,0,0
2022-01-29 04:48:36.405981,bp,5,31.06999969482422,1,0,20,0,0
2022-01-29 04:56:04.738844,bp,8,31.06999969482422,4,0,20,0,0
2022-01-29 05:12:56.077383,bp,14,31.06999969482422,4,0,20,0,1
2022-01-29 05:29:55.918359,bp,12,31.06999969482422,5,0,20,0,1
2022-01-29 05:37:43.526487,bp,8,31.06999969482422,5,0,20,0,0
2022-01-29 05:44:44.279605,bp,6,31.06999969482422,3,0,20,0,0
2022-01-29 05:51:45.667051,bp,2,31.06999969482422,2,0,20,0,0
2022-01-29 06:01:07.064251,bp,4,31.06999969482422,2,0,20,0,0
2022-01-29 06:06:52.431010,bp,6,31.06999969482422,2,0,20,0,0
2022-01-29 06:12:38.428600,bp,4,31.06999969482422,1,0,20,0,0
2022-01-29 06:20:18.462561,bp,4,31.06999969482422,1,0,20,0,0
2022-01-29 06:30:02.197610,bp,3,31.06999969482422,0,0,20,0,0
2022-01-29 06:35:50.667747,bp,4,31.06999969482422,0,0,20,0,0
2022-01-29 06:44:31.205736,bp,3,31.06999969482422,0,0,20,0,0
2022-01-29 06:51:41.877166,bp,4,31.06999969482422,0,0,20,0,0
2022-01-29 07:03:40.645291,bp,9,31.06999969482422,0,0,20,0,0
2022-01-29 07:13:09.080312,bp,7,31.06999969482422,0,0,20,0,0
2022-01-29 07:20:21.863378,bp,7,31.06999969482422,0,0,20,0,0
2022-01-29 07:28:35.043757,bp,7,31.06999969482422,0,0,20,0,0
2022-01-29 07:37:16.562184,bp,8,31.06999969482422,0,0,20,0,0
2022-01-29 07:52:31.864695,bp,6,31.06999969482422,0,0,20,0,0
2022-01-29 08:00:46.852272,bp,9,31.06999969482422,0,0,20,0,0
2022-01-29 08:09:49.545876,bp,11,31.06999969482422,0,0,20,1,0
2022-01-29 08:18:45.270826,bp,13,31.06999969482422,0,0,20,1,0
2022-01-29 08:24:31.411966,bp,13,31.06999969482422,2,1,20,2,0
2022-01-29 08:32:46.992471,bp,11,31.06999969482422,2,1,20,1,0
2022-01-29 08:41:01.377588,bp,13,31.06999969482422,1,1,20,1,0
2022-01-29 08:51:29.224219,bp,12,31.06999969482422,3,1,20,0,0
2022-01-29 08:58:57.206782,bp,14,31.06999969482422,4,2,20,0,0
2022-01-29 09:07:14.768545,bp,10,31.06999969482422,3,1,20,0,1
2022-01-29 09:14:15.783136,bp,9,31.06999969482422,3,1,20,0,1
2022-01-29 09:21:26.172950,bp,8,31.06999969482422,2,0,20,0,1
2022-01-29 09:29:41.697328,bp,8,31.06999969482422,2,0,20,0,1
2022-01-29 09:37:29.695827,bp,7,31.06999969482422,2,0,20,0,1
2022-01-29 09:47:00.804533,bp,6,31.06999969482422,0,0,20,0,1
2022-01-29 09:55:47.570732,bp,6,31.06999969482422,0,0,20,0,0
2022-01-29 10:04:04.028021,bp,11,31.06999969482422,1,1,20,0,0
2022-01-29 10:09:49.104310,bp,11,31.06999969482422,1,1,20,0,0
2022-01-29 10:15:34.229345,bp,9,31.06999969482422,0,1,20,0,1
2022-01-29 10:22:52.256154,bp,12,31.06999969482422,0,1,20,0,0
2022-01-29 10:30:54.199855,bp,9,31.06999969482422,0,1,20,0,1
2022-01-29 10:39:08.896530,bp,7,31.06999969482422,0,1,20,0,0
2022-01-29 10:46:08.327642,bp,6,31.06999969482422,0,1,20,0,0
2022-01-29 10:53:50.830435,bp,6,31.06999969482422,0,0,20,0,0
2022-01-29 11:00:50.758875,bp,9,31.06999969482422,1,1,20,0,0
2022-01-29 11:10:00.738626,bp,11,31.06999969482422,2,2,20,0,0
2022-01-29 11:19:29.095076,bp,8,31.06999969482422,1,1,20,0,0
2022-01-29 11:26:27.937687,bp,8,31.06999969482422,1,0,20,1,0
2022-01-29 11:33:27.996025,bp,6,31.06999969482422,1,0,20,0,0
2022-01-29 11:41:41.441699,bp,6,31.06999969482422,1,0,20,1,0
2022-01-29 11:49:21.320851,bp,6,31.06999969482422,1,0,20,1,0
2022-01-29 12:05:19.530197,bp,7,31.06999969482422,0,0,20,0,1
2022-01-29 12:11:04.143115,bp,7,31.06999969482422,0,0,20,0,1
2022-01-29 12:18:24.805801,bp,5,31.06999969482422,0,0,20,0,0
2022-01-29 12:27:51.943261,bp,5,31.06999969482422,0,0,20,0,1
2022-01-29 12:33:39.077694,bp,3,31.06999969482422,0,0,20,0,1
2022-01-29 12:39:36.149763,bp,3,31.06999969482422,0,0,20,0,0
2022-01-29 12:47:23.405894,bp,2,31.06999969482422,0,0,20,0,1
2022-01-29 12:54:48.934028,bp,2,31.06999969482422,0,0,20,0,1
2022-01-29 13:02:09.806097,bp,7,31.06999969482422,1,2,20,0,0
2022-01-29 13:10:26.703793,bp,7,31.06999969482422,1,2,20,1,0
2022-01-29 13:17:45.609977,bp,8,31.06999969482422,1,2,20,0,0
2022-01-29 13:26:22.828284,bp,7,31.06999969482422,1,2,20,0,0
2022-01-29 13:36:36.630337,bp,6,31.06999969482422,1,1,20,1,0
2022-01-29 13:42:21.647482,bp,6,31.06999969482422,2,1,20,1,0
2022-01-29 13:49:56.968431,bp,5,31.06999969482422,2,0,20,1,1
2022-01-29 13:55:41.794772,bp,4,31.06999969482422,2,0,20,0,0
2022-01-29 14:05:11.147719,bp,4,31.06999969482422,1,0,20,0,1
2022-01-29 14:13:59.446131,bp,6,31.06999969482422,0,0,20,0,1
2022-01-29 14:22:19.523828,bp,8,31.06999969482422,0,0,20,0,0
2022-01-29 14:33:04.619825,bp,8,31.06999969482422,1,0,20,0,0
2022-01-29 14:40:02.149050,bp,9,31.06999969482422,1,1,20,0,0
2022-01-29 14:47:10.975082,bp,11,31.06999969482422,1,1,20,0,0
2022-01-29 14:55:23.426662,bp,11,31.06999969482422,1,1,20,0,0
2022-01-29 15:02:57.435345,bp,8,31.06999969482422,0,1,20,0,0
2022-01-29 15:09:58.594780,bp,7,31.06999969482422,0,1,20,0,0
2022-01-29 15:15:44.548684,bp,7,31.06999969482422,0,1,20,0,0
2022-01-29 15:24:35.827864,bp,7,31.06999969482422,0,1,20,0,0
2022-01-29 15:31:42.742687,bp,4,31.06999969482422,0,0,20,0,0
2022-01-29 15:37:35.277820,bp,7,31.06999969482422,0,0,20,1,0
2022-01-29 15:45:38.635491,bp,9,31.06999969482422,0,0,20,1,0
2022-01-29 15:53:53.233813,bp,9,31.06999969482422,0,0,20,1,0
2022-01-29 16:03:30.705532,bp,9,31.06999969482422,0,0,20,1,0
2022-01-29 16:11:39.671129,bp,10,31.06999969482422,0,0,20,1,0
2022-01-29 16:19:52.392424,bp,10,31.06999969482422,0,0,20,0,0
2022-01-29 16:26:49.399153,bp,10,31.06999969482422,0,0,20,0,0
2022-01-29 16:35:37.128111,bp,10,31.06999969482422,1,0,20,0,0
2022-01-29 16:41:21.048243,bp,7,31.06999969482422,1,0,20,0,0
2022-01-29 16:47:06.204673,bp,8,31.06999969482422,1,0,20,0,0
2022-01-29 16:54:39.825322,bp,8,31.06999969482422,1,0,20,0,0
2022-01-29 17:04:31.133626,bp,7,31.06999969482422,1,0,20,0,0
2022-01-29 17:15:12.931914,bp,10,31.06999969482422,1,2,20,0,0
2022-01-29 17:23:37.290732,bp,9,31.06999969482422,0,2,20,0,0
2022-01-29 17:30:43.383199,bp,7,31.06999969482422,0,2,20,0,0
2022-01-29 17:36:27.818091,bp,5,31.06999969482422,0,2,20,0,0
2022-01-29 17:43:45.788685,bp,4,31.06999969482422,0,2,20,0,0
2022-01-29 17:51:09.065890,bp,4,31.06999969482422,0,2,20,0,0
2022-01-29 17:56:53.668426,bp,3,31.06999969482422,0,1,20,0,0
2022-01-29 18:05:30.004736,bp,3,31.06999969482422,0,0,20,0,0
2022-01-29 18:14:11.314943,bp,3,31.06999969482422,0,0,20,0,0
2022-01-29 18:21:26.766871,bp,3,31.06999969482422,0,0,20,0,0
2022-01-29 18:29:15.699879,bp,3,31.06999969482422,0,0,20,0,0
2022-01-29 18:37:28.832971,bp,4,31.06999969482422,0,0,20,0,0
2022-01-29 18:44:31.498137,bp,4,31.06999969482422,1,0,20,0,0
2022-01-29 18:52:45.545065,bp,4,31.06999969482422,1,0,20,0,0
2022-01-29 18:59:47.347601,bp,4,31.06999969482422,1,0,20,0,0
2022-01-29 19:06:56.166118,bp,4,31.06999969482422,1,0,20,0,0
2022-01-29 19:12:40.046068,bp,3,31.06999969482422,1,0,20,0,0
2022-01-29 19:20:17.219979,bp,4,31.06999969482422,1,0,20,0,0
2022-01-29 19:29:10.648274,bp,5,31.06999969482422,1,0,20,0,0
2022-01-29 19:40:34.303953,bp,6,31.06999969482422,1,0,20,0,0
2022-01-29 19:46:35.173570,bp,6,31.06999969482422,1,0,20,0,0
2022-01-29 19:54:49.998102,bp,7,31.06999969482422,2,1,20,0,0
2022-01-29 20:00:34.766216,bp,9,31.06999969482422,2,1,20,1,0
2022-01-29 20:10:08.494137,bp,8,31.06999969482422,2,1,20,1,0
2022-01-29 20:18:31.672215,bp,10,31.06999969482422,3,1,20,1,0
2022-01-29 20:24:18.060084,bp,13,31.06999969482422,3,1,20,0,0
2022-01-29 20:30:54.817849,bp,11,31.06999969482422,2,1,20,0,0
2022-01-29 20:40:49.709609,bp,11,31.06999969482422,1,0,20,0,0
2022-01-29 20:49:05.586200,bp,12,31.06999969482422,1,0,20,0,0
2022-01-29 20:56:05.657179,bp,9,31.06999969482422,1,0,20,0,0
2022-01-29 21:03:26.686926,bp,13,31.06999969482422,2,1,20,0,0
2022-01-29 21:09:53.908542,bp,11,31.06999969482422,3,1,20,0,0
2022-01-29 21:17:41.327420,bp,8,31.06999969482422,3,1,20,0,0
2022-01-29 21:25:54.749197,bp,7,31.06999969482422,3,1,20,0,0
2022-01-29 21:33:28.596362,bp,9,31.06999969482422,3,1,20,0,0
2022-01-29 21:39:36.877873,bp,9,31.06999969482422,1,1,20,0,0
2022-01-29 21:45:22.369109,bp,9,31.06999969482422,1,1,20,0,0
2022-01-29 21:56:10.588774,bp,11,31.06999969482422,2,1,20,0,0
2022-01-29 22:04:26.732756,bp,13,31.06999969482422,5,0,20,0,0
2022-01-29 22:13:13.556666,bp,12,31.06999969482422,2,0,20,0,0
2022-01-29 22:18:58.828335,bp,10,31.06999969482422,2,0,20,0,0
2022-01-29 22:29:48.699068,bp,11,31.06999969482422,2,0,20,0,1
2022-01-29 22:35:36.185545,bp,8,31.06999969482422,3,0,20,0,1
2022-01-29 22:41:20.078859,bp,9,31.06999969482422,3,0,20,0,1
2022-01-29 22:48:33.550598,bp,10,31.06999969482422,4,0,20,0,1
2022-01-29 22:54:19.417039,bp,7,31.06999969482422,2,0,20,0,1
2022-01-29 23:05:26.596635,bp,9,31.06999969482422,2,1,20,0,0
2022-01-29 23:13:18.323356,bp,9,31.06999969482422,4,1,20,0,0
2022-01-29 23:20:18.612169,bp,9,31.06999969482422,4,0,20,0,0
2022-01-29 23:31:03.444400,bp,11,31.06999969482422,4,0,20,0,0
2022-01-29 23:36:46.025663,bp,9,31.06999969482422,2,0,20,1,0
2022-01-29 23:46:14.475268,bp,8,31.06999969482422,2,0,20,0,0
2022-01-29 23:54:29.547505,bp,7,31.06999969482422,2,0,20,1,0
2022-01-30 00:12:53.089752,bp,5,31.06999969482422,0,0,20,1,0
2022-01-30 00:20:16.720206,bp,3,31.06999969482422,0,0,20,1,0
2022-01-30 00:28:59.405094,bp,3,31.06999969482422,0,0,20,1,0
2022-01-30 00:36:11.407271,bp,3,31.06999969482422,0,0,20,0,0
2022-01-30 00:44:50.091556,bp,2,31.06999969482422,0,0,20,1,0
2022-01-30 00:53:12.635403,bp,2,31.06999969482422,0,0,20,0,0
2022-01-30 01:00:44.965558,bp,6,31.06999969482422,0,1,20,0,0
2022-01-30 01:09:00.685418,bp,7,31.06999969482422,0,1,20,0,0
2022-01-30 01:16:29.899028,bp,8,31.06999969482422,0,2,20,0,0
2022-01-30 01:27:28.662956,bp,8,31.06999969482422,0,2,20,0,0
2022-01-30 01:36:57.005340,bp,9,31.06999969482422,0,2,20,0,0
2022-01-30 01:46:26.970691,bp,12,31.06999969482422,1,1,20,0,0
2022-01-30 01:53:56.495235,bp,12,31.06999969482422,1,1,20,0,0
2022-01-30 02:00:08.171406,bp,8,31.06999969482422,1,0,20,0,0
2022-01-30 02:09:04.973180,bp,12,31.06999969482422,1,1,20,1,0
2022-01-30 02:16:07.090399,bp,13,31.06999969482422,2,1,20,0,0
2022-01-30 02:25:36.951769,bp,11,31.06999969482422,1,1,20,0,0
2022-01-30 02:32:55.780595,bp,12,31.06999969482422,3,1,20,0,0
2022-01-30 02:43:49.695998,bp,10,31.06999969482422,3,1,20,0,0
2022-01-30 02:53:19.779506,bp,9,31.06999969482422,3,1,20,0,0
2022-01-30 03:03:07.146473,bp,12,31.06999969482422,4,1,20,0,0
2022-01-30 03:10:25.917106,bp,9,31.06999969482422,2,1,20,0,0
2022-01-30 03:17:24.515544,bp,7,31.06999969482422,2,0,20,0,0
2022-01-30 03:24:23.931248,bp,7,31.06999969482422,1,0,20,0,0
2022-01-30 03:36:25.052374,bp,9,31.06999969482422,1,0,20,0,0
2022-01-30 03:43:24.290376,bp,10,31.06999969482422,1,0,20,0,0
2022-01-30 03:50:52.047484,bp,8,31.06999969482422,1,0,20,1,0
2022-01-30 04:00:26.095807,bp,11,31.06999969482422,3,0,20,1,0
2022-01-30 04:07:27.221498,bp,18,31.06999969482422,6,1,20,0,0
2022-01-30 04:19:29.876068,bp,21,31.06999969482422,6,1,20,0,0
2022-01-30 04:29:01.046844,bp,20,31.06999969482422,6,1,20,0,0
2022-01-30 04:38:34.671513,bp,18,31.06999969482422,7,2,20,0,0
2022-01-30 04:44:19.371187,bp,16,31.06999969482422,7,2,20,0,0
2022-01-30 04:53:48.420559,bp,12,31.06999969482422,5,2,20,0,0
2022-01-30 05:02:33.832667,bp,12,31.06999969482422,5,1,20,0,0
2022-01-30 05:12:04.730464,bp,8,31.06999969482422,3,1,20,0,0
2022-01-30 05:19:16.755356,bp,9,31.06999969482422,3,2,20,0,0
2022-01-30 05:25:03.394474,bp,9,31.06999969482422,3,1,20,0,0
2022-01-30 05:33:36.046944,bp,9,31.06999969482422,3,1,20,0,0
2022-01-30 05:40:35.281521,bp,11,31.06999969482422,2,1,20,0,0
2022-01-30 05:48:50.134080,bp,8,31.06999969482422,1,1,20,0,0
2022-01-30 05:57:57.323875,bp,8,31.06999969482422,2,1,20,0,0
2022-01-30 06:07:07.395618,bp,12,31.06999969482422,5,1,20,0,0
2022-01-30 06:14:44.810704,bp,13,31.06999969482422,5,1,20,0,0
2022-01-30 06:22:04.965713,bp,10,31.06999969482422,5,0,20,0,0
2022-01-30 06:29:06.040856,bp,8,31.06999969482422,3,0,20,0,0
2022-01-30 06:40:00.384441,bp,7,31.06999969482422,3,0,20,0,0
2022-01-30 06:48:21.427171,bp,9,31.06999969482422,4,0,20,0,0
2022-01-30 06:59:48.839310,bp,11,31.06999969482422,3,1,20,0,0
2022-01-30 07:08:23.307283,bp,9,31.06999969482422,2,1,20,0,0
2022-01-30 07:15:26.634052,bp,12,31.06999969482422,2,1,20,0,0
2022-01-30 07:23:48.633971,bp,14,31.06999969482422,2,1,20,0,0
2022-01-30 07:31:41.917455,bp,11,31.06999969482422,2,1,20,0,0
2022-01-30 07:38:48.141222,bp,12,31.06999969482422,2,1,20,0,0
2022-01-30 07:48:00.349981,bp,10,31.06999969482422,1,0,20,0,0
2022-01-30 07:55:00.533190,bp,10,31.06999969482422,0,0,20,0,0
2022-01-30 08:02:53.475509,bp,10,31.06999969482422,0,0,20,0,0
2022-01-30 08:12:23.728670,bp,12,31.06999969482422,2,0,20,0,0
2022-01-30 08:21:54.895848,bp,8,31.06999969482422,1,0,20,0,0
2022-01-30 08:29:30.349548,bp,10,31.06999969482422,1,0,20,0,0
2022-01-30 08:36:30.099571,bp,10,31.06999969482422,1,0,20,0,0
2022-01-30 08:43:30.918265,bp,9,31.06999969482422,1,0,20,0,0
2022-01-30 08:51:44.501955,bp,7,31.06999969482422,1,0,20,0,0
2022-01-30 09:00:40.034391,bp,13,31.06999969482422,1,1,20,0,0
2022-01-30 09:07:59.101037,bp,12,31.06999969482422,4,0,20,0,0
2022-01-30 09:16:44.917100,bp,13,31.06999969482422,3,0,20,0,0
2022-01-30 09:26:13.904155,bp,13,31.06999969482422,3,0,20,0,0
2022-01-30 09:35:10.381305,bp,11,31.06999969482422,3,0,20,0,0
2022-01-30 09:42:18.700148,bp,10,31.06999969482422,3,0,20,0,0
2022-01-30 09:49:21.103595,bp,7,31.06999969482422,3,0,20,0,0
2022-01-30 09:58:35.697248,bp,7,31.06999969482422,0,0,20,0,0
2022-01-30 10:06:51.867676,bp,6,31.06999969482422,0,0,20,0,0
2022-01-30 10:21:44.211934,bp,2,31.06999969482422,0,0,20,1,0
2022-01-30 10:31:12.816697,bp,3,31.06999969482422,0,0,20,1,0
2022-01-30 10:38:51.180213,bp,4,31.06999969482422,0,0,20,0,0
2022-01-30 10:46:49.887592,bp,4,31.06999969482422,1,0,20,0,0
2022-01-30 10:54:11.666673,bp,5,31.06999969482422,1,0,20,0,0
2022-01-30 11:01:54.225545,bp,8,31.06999969482422,1,0,20,1,0
2022-01-30 11:08:54.344406,bp,8,31.06999969482422,1,0,20,0,0
2022-01-30 11:16:08.764627,bp,6,31.06999969482422,1,0,20,0,0
2022-01-30 11:27:15.955024,bp,5,31.06999969482422,1,0,20,0,0
2022-01-30 11:33:00.140365,bp,5,31.06999969482422,1,1,20,0,0
2022-01-30 11:44:10.820937,bp,3,31.06999969482422,0,1,20,0,0
2022-01-30 11:51:21.005728,bp,4,31.06999969482422,0,1,20,0,0
2022-01-30 11:58:19.608841,bp,7,31.06999969482422,1,1,20,0,0
2022-01-30 12:07:49.144697,bp,9,31.06999969482422,3,2,20,0,0
2022-01-30 12:15:04.173657,bp,9,31.06999969482422,3,2,20,0,0
2022-01-30 12:30:21.613654,bp,8,31.06999969482422,2,1,20,0,0
2022-01-30 12:37:19.889469,bp,8,31.06999969482422,2,1,20,0,0
2022-01-30 12:45:35.552756,bp,7,31.06999969482422,2,1,20,0,0
2022-01-30 13:00:54.314158,bp,6,31.06999969482422,2,1,20,0,0
2022-01-30 13:07:55.564081,bp,6,31.06999969482422,2,0,20,0,0
2022-01-30 13:14:55.829531,bp,9,31.06999969482422,2,0,20,0,0
2022-01-30 13:22:43.022356,bp,9,31.06999969482422,2,0,20,0,0
2022-01-30 13:30:00.405570,bp,11,31.06999969482422,2,0,20,0,0
2022-01-30 13:39:58.599717,bp,11,31.06999969482422,2,0,20,0,0
2022-01-30 13:54:52.310375,bp,8,31.06999969482422,0,0,20,0,0
2022-01-30 14:04:18.992210,bp,13,31.06999969482422,4,1,20,0,0
2022-01-30 14:11:18.061413,bp,15,31.06999969482422,5,1,20,0,0
2022-01-31 07:04:11.028860,bp,24,31.06999969482422,7,2,20,0,0
2022-01-31 07:10:22.881780,bp,24,31.06999969482422,5,2,20,0,0
2022-01-31 07:17:06.079114,bp,23,31.06999969482422,6,2,20,0,1
2022-01-31 07:24:30.061201,bp,23,31.06999969482422,6,1,20,0,1
2022-01-31 07:31:13.667835,bp,21,31.135000228881836,4,1,20,0,1
2022-01-31 07:37:02.237833,bp,21,31.059999465942383,4,0,20,0,1
2022-01-31 07:42:50.229777,bp,20,30.96500015258789,4,0,20,0,1
2022-01-31 07:48:36.472979,bp,21,30.924999237060547,4,0,20,2,1
2022-01-31 07:54:23.401660,bp,21,30.862600326538086,4,0,20,2,1
2022-01-31 08:00:12.005800,bp,24,30.875,5,1,20,0,1
2022-01-31 08:06:00.367890,bp,26,30.985000610351562,4,1,20,0,1
2022-01-31 08:11:46.492462,bp,21,30.989999771118164,3,1,20,2,0
2022-01-31 08:17:33.616767,bp,17,31.040000915527344,3,1,20,2,0
2022-01-31 08:23:21.716414,bp,17,31.11989974975586,2,0,20,2,0
2022-01-31 08:29:08.679962,bp,16,31.100000381469727,2,0,20,2,0
2022-01-31 08:34:56.628659,bp,19,31.100000381469727,3,0,20,2,0
2022-01-31 08:40:52.204929,bp,21,30.989999771118164,3,0,20,2,0
2022-01-31 08:46:39.264943,bp,19,30.94499969482422,3,0,20,0,0
2022-01-31 08:52:25.988746,bp,24,30.950000762939453,3,0,20,0,0
2022-01-31 08:58:11.629613,bp,20,30.975000381469727,3,0,20,0,0
2022-01-31 09:03:57.322739,bp,22,30.96500015258789,5,0,20,0,0
2022-01-31 09:09:44.378907,bp,23,30.975000381469727,5,0,20,0,0
2022-01-31 09:20:36.541158,bp,23,30.841800689697266,4,1,20,0,0
2022-01-31 09:26:22.829020,bp,23,30.84000015258789,4,1,20,0,0
2022-01-31 09:32:10.229045,bp,24,30.79159927368164,5,2,20,0,0
2022-01-31 09:37:56.524215,bp,24,30.80500030517578,4,2,20,0,0
2022-01-31 09:43:41.975825,bp,22,30.799999237060547,2,2,20,0,0
2022-01-31 09:49:29.240157,bp,22,30.84000015258789,2,1,20,0,0
2022-01-31 09:55:22.067876,bp,23,30.895000457763672,1,1,20,0,0
2022-01-31 10:01:16.586615,bp,32,30.899999618530273,5,2,20,0,0
2022-01-31 10:07:05.251447,bp,29,30.8700008392334,4,3,20,0,0
2022-01-31 10:12:53.216391,bp,24,30.8700008392334,5,2,20,0,0
2022-01-31 10:18:44.266684,bp,24,30.885000228881836,1,2,20,0,0
2022-01-31 10:24:30.238874,bp,22,30.854999542236328,1,2,20,0,0
2022-01-31 10:30:20.348063,bp,18,30.915000915527344,1,2,20,0,0
2022-01-31 10:36:08.153585,bp,17,30.934999465942383,0,1,20,0,0
2022-01-31 10:41:54.289133,bp,15,30.954999923706055,0,1,20,0,0
2022-01-31 10:47:40.285189,bp,15,30.9950008392334,2,1,20,0,0
2022-01-31 10:53:28.712853,bp,16,31.024999618530273,2,1,20,0,0
2022-01-31 10:59:14.667732,bp,14,31.065000534057617,1,1,20,0,0
2022-01-31 11:05:05.161465,bp,16,31.04450035095215,2,1,20,0,0
2022-01-31 11:10:54.024459,bp,16,31.040000915527344,2,1,20,0,0
2022-01-31 11:16:40.176218,bp,17,31.03499984741211,3,1,20,0,0
2022-01-31 11:22:25.277598,bp,18,31.075000762939453,3,1,20,0,0
2022-01-31 11:28:13.920338,bp,16,31.049999237060547,2,1,20,0,0
2022-01-31 11:33:59.666604,bp,13,31.0,2,1,20,0,0
2022-01-31 11:39:45.185746,bp,13,31.03190040588379,1,1,20,0,0
2022-01-31 11:45:33.166047,bp,14,30.9950008392334,0,0,20,0,0
2022-01-31 11:51:20.123542,bp,14,31.0049991607666,0,0,20,0,0
2022-01-31 11:57:23.754568,bp,13,31.010000228881836,0,0,20,0,0
2022-01-31 12:03:08.967406,bp,17,31.014999389648438,0,1,20,0,0
2022-01-31 12:08:57.050378,bp,16,31.045000076293945,0,1,20,0,0
2022-01-31 12:14:43.009778,bp,12,31.040000915527344,0,1,20,0,0
2022-01-31 12:20:32.466767,bp,14,31.03499984741211,0,1,20,0,0
2022-01-31 12:26:20.158480,bp,15,31.019100189208984,0,1,20,0,0
2022-01-31 12:32:07.312467,bp,16,31.030000686645508,0,1,20,0,0
2022-01-31 12:37:54.156058,bp,18,31.048599243164062,0,1,20,0,0
2022-01-31 12:43:43.317494,bp,14,31.030000686645508,0,0,20,0,0
2022-01-31 12:49:27.821142,bp,15,31.024999618530273,0,0,20,0,0
2022-01-31 12:55:12.731143,bp,15,30.989099502563477,0,0,20,0,0
2022-01-31 13:01:01.484678,bp,17,31.014999389648438,0,0,20,0,0
2022-01-31 13:06:49.849339,bp,20,31.045000076293945,3,0,20,0,1
2022-01-31 13:12:36.856048,bp,18,30.959999084472656,2,0,20,0,1
2022-01-31 13:18:22.504390,bp,16,30.895000457763672,4,0,20,0,1
2022-01-31 13:24:11.471268,bp,15,30.950000762939453,2,0,20,0,1
2022-01-31 13:29:57.848116,bp,16,30.905000686645508,2,1,20,0,1
2022-01-31 13:35:50.312729,bp,14,30.959999084472656,2,1,20,0,1
2022-01-31 13:41:37.902377,bp,11,30.915000915527344,2,1,20,0,1
2022-01-31 13:47:23.483061,bp,10,30.913799285888672,2,0,20,0,1
2022-01-31 13:53:07.506948,bp,9,30.934999465942383,2,0,20,0,1
2022-01-31 13:58:53.067300,bp,8,30.940000534057617,2,0,20,0,1
2022-01-31 14:04:40.940113,bp,15,30.924999237060547,2,1,20,0,1
2022-01-31 14:10:28.897320,bp,16,30.924999237060547,2,1,20,0,0
2022-01-31 14:16:19.628501,bp,16,30.920000076293945,3,1,20,0,0
2022-01-31 14:22:05.559662,bp,9,30.920000076293945,1,0,20,0,0
2022-01-31 14:27:53.824408,bp,9,30.920000076293945,1,0,20,0,0
2022-01-31 14:33:40.020481,bp,6,30.920000076293945,0,0,20,0,0
2022-01-31 14:39:25.348384,bp,8,30.920000076293945,0,0,20,0,0
2022-01-31 14:45:12.623192,bp,9,30.920000076293945,0,0,20,1,0
2022-01-31 14:51:02.781169,bp,9,30.920000076293945,0,0,20,1,0
2022-01-31 14:56:48.830832,bp,9,30.920000076293945,0,0,20,1,0
2022-01-31 15:02:35.936063,bp,13,30.920000076293945,1,1,20,1,0
2022-01-31 15:08:22.700721,bp,13,30.920000076293945,0,2,20,1,0
2022-01-31 15:14:12.127370,bp,14,30.920000076293945,0,2,20,1,0
2022-01-31 15:20:00.259408,bp,19,30.920000076293945,0,4,20,1,0
2022-01-31 15:25:51.835527,bp,17,30.920000076293945,0,2,20,1,0
2022-01-31 15:31:39.547887,bp,14,30.920000076293945,0,1,20,1,0
2022-01-31 15:37:28.636911,bp,13,30.920000076293945,0,1,20,1,0
2022-01-31 15:43:16.269062,bp,14,30.920000076293945,1,1,20,2,0
2022-01-31 15:49:04.638660,bp,16,30.920000076293945,1,1,20,0,0
2022-01-31 15:54:52.941046,bp,17,30.920000076293945,1,1,20,0,0
2022-01-31 16:00:43.393568,bp,27,30.920000076293945,3,3,20,1,0
2022-01-31 16:06:36.447271,bp,25,30.920000076293945,1,2,20,1,0
2022-01-31 16:12:30.549171,bp,25,30.920000076293945,0,2,20,2,0
2022-01-31 16:18:24.359673,bp,20,30.920000076293945,0,0,20,0,0
2022-01-31 16:24:12.593927,bp,17,30.920000076293945,0,0,20,1,0
2022-01-31 16:30:00.804122,bp,13,30.920000076293945,0,0,20,2,0
2022-01-31 16:35:52.065135,bp,13,30.920000076293945,0,0,20,0,0
2022-01-31 16:41:39.800763,bp,11,30.920000076293945,0,0,20,3,0
2022-01-31 16:47:27.741034,bp,10,30.920000076293945,0,0,20,1,0
2022-01-31 16:53:15.790907,bp,8,30.920000076293945,0,0,20,0,0
2022-01-31 16:59:04.537309,bp,9,30.920000076293945,0,0,20,0,0
2022-01-31 17:04:53.956396,bp,21,30.920000076293945,1,0,20,0,0
2022-01-31 17:10:47.439710,bp,18,30.920000076293945,1,0,20,1,0
2022-01-31 17:16:36.340019,bp,19,30.920000076293945,1,1,20,0,0
2022-01-31 17:22:23.866138,bp,16,30.920000076293945,0,1,20,0,0
2022-01-31 17:28:14.678209,bp,17,30.920000076293945,0,1,20,0,0
2022-01-31 17:34:04.345102,bp,15,30.920000076293945,0,1,20,0,0
2022-01-31 17:39:50.440831,bp,11,30.920000076293945,0,1,20,1,0
2022-01-31 17:45:39.486176,bp,13,30.920000076293945,0,1,20,1,0
2022-01-31 17:51:27.325355,bp,14,30.920000076293945,0,1,20,0,0
2022-01-31 17:57:14.049117,bp,11,30.920000076293945,0,0,20,1,0
2022-01-31 18:03:00.077406,bp,18,30.920000076293945,1,2,20,0,0
2022-01-31 18:08:48.154850,bp,14,30.920000076293945,1,2,20,1,0
2022-01-31 18:14:38.507824,bp,14,30.920000076293945,1,2,20,0,0
2022-01-31 18:20:27.475029,bp,13,30.920000076293945,0,2,20,1,0
2022-01-31 18:26:19.904462,bp,11,30.920000076293945,0,2,20,0,0
2022-01-31 18:32:08.100132,bp,9,30.920000076293945,0,1,20,0,0
2022-01-31 18:37:54.305874,bp,6,30.920000076293945,0,1,20,0,0
2022-01-31 18:43:41.200721,bp,5,30.920000076293945,0,1,20,0,0
2022-01-31 18:49:28.586081,bp,7,30.920000076293945,0,1,20,0,0
2022-01-31 18:55:15.870393,bp,9,30.920000076293945,1,1,20,0,0
2022-01-31 19:01:03.486351,bp,12,30.920000076293945,3,0,20,0,0
2022-01-31 19:06:54.137367,bp,19,30.920000076293945,4,0,20,0,0
2022-01-31 19:12:40.839695,bp,16,30.920000076293945,3,0,20,0,0
2022-01-31 19:18:29.273927,bp,15,30.920000076293945,3,0,20,0,0
2022-01-31 19:24:18.196541,bp,14,30.920000076293945,2,0,20,0,0
2022-01-31 19:30:04.757398,bp,15,30.920000076293945,3,0,20,0,0
2022-01-31 19:35:56.123784,bp,16,30.920000076293945,3,0,20,0,0
2022-01-31 19:41:43.330470,bp,14,30.920000076293945,3,0,20,0,0
2022-01-31 19:47:31.615849,bp,14,30.920000076293945,3,0,20,0,0
2022-01-31 19:53:21.189851,bp,11,30.920000076293945,2,0,20,0,0
2022-01-31 19:59:09.470703,bp,10,30.920000076293945,2,0,20,0,0
2022-01-31 20:04:56.190779,bp,10,30.920000076293945,3,0,20,0,0
2022-01-31 20:10:48.276185,bp,7,30.920000076293945,2,0,20,0,0
2022-01-31 20:16:38.181386,bp,9,30.920000076293945,2,0,20,0,0
2022-01-31 20:22:23.816484,bp,7,30.920000076293945,1,0,20,0,0
2022-01-31 20:28:12.785392,bp,6,30.920000076293945,0,0,20,0,0
2022-01-31 20:33:59.823634,bp,6,30.920000076293945,0,0,20,0,0
2022-01-31 20:39:47.064302,bp,7,30.920000076293945,0,0,20,0,0
2022-01-31 20:45:38.052565,bp,7,30.920000076293945,1,0,20,0,0
2022-01-31 20:51:28.268123,bp,6,30.920000076293945,1,0,20,0,0
2022-01-31 20:57:15.794862,bp,9,30.920000076293945,2,0,20,0,0
2022-01-31 21:03:02.036079,bp,13,30.920000076293945,2,0,20,0,0
2022-01-31 21:08:50.293924,bp,13,30.920000076293945,2,0,20,0,0
2022-01-31 21:14:37.468502,bp,12,30.920000076293945,2,0,20,0,0
2022-01-31 21:20:25.910954,bp,14,30.920000076293945,3,1,20,0,0
2022-01-31 21:26:15.641056,bp,14,30.920000076293945,3,1,20,0,0
2022-01-31 21:32:02.939873,bp,14,30.920000076293945,3,1,20,0,0
2022-01-31 21:37:52.426343,bp,15,30.920000076293945,3,1,20,0,0
2022-01-31 21:43:39.861938,bp,13,30.920000076293945,2,1,20,0,0
2022-01-31 21:49:26.961397,bp,13,30.920000076293945,2,1,20,0,0
2022-01-31 21:55:15.564631,bp,9,30.920000076293945,0,1,20,0,0
2022-01-31 22:01:04.121330,bp,15,30.920000076293945,0,2,20,1,0
2022-01-31 22:06:53.657630,bp,12,30.920000076293945,1,2,20,1,0
2022-01-31 22:12:42.649108,bp,11,30.920000076293945,1,1,20,1,0
2022-01-31 22:18:30.077780,bp,10,30.920000076293945,2,0,20,1,0
2022-01-31 22:24:16.173336,bp,13,30.920000076293945,3,0,20,1,0
2022-01-31 22:30:03.915948,bp,13,30.920000076293945,2,0,20,1,0
2022-01-31 22:35:53.884790,bp,12,30.920000076293945,2,0,20,0,0
2022-01-31 22:41:41.343642,bp,13,30.920000076293945,1,0,20,1,0
2022-01-31 22:47:25.456442,bp,12,30.920000076293945,1,0,20,0,0
2022-01-31 22:53:11.811092,bp,12,30.920000076293945,1,0,20,0,0
2022-01-31 22:58:55.749876,bp,10,30.920000076293945,0,0,20,0,0
2022-01-31 23:04:41.792337,bp,17,30.920000076293945,2,0,20,0,0
2022-01-31 23:10:31.078480,bp,19,30.920000076293945,4,0,20,0,0
2022-01-31 23:16:22.030668,bp,17,30.920000076293945,2,0,20,0,0
2022-01-31 23:22:10.142714,bp,14,30.920000076293945,1,0,20,0,0
2022-01-31 23:27:58.654041,bp,11,30.920000076293945,1,0,20,0,0
2022-01-31 23:33:49.937493,bp,9,30.920000076293945,2,0,20,0,0
2022-01-31 23:39:36.562514,bp,9,30.920000076293945,2,0,20,0,0
2022-01-31 23:45:23.089105,bp,10,30.920000076293945,3,0,20,0,0
2022-01-31 23:51:12.200914,bp,11,30.920000076293945,2,0,20,0,0
2022-01-31 23:56:59.073203,bp,12,30.920000076293945,2,0,20,0,0
2022-02-01 00:02:48.616661,bp,15,30.920000076293945,2,0,20,0,0
2022-02-01 00:08:34.927600,bp,15,30.920000076293945,2,0,20,0,0
2022-02-01 00:14:21.420330,bp,14,30.920000076293945,2,0,20,0,0
2022-02-01 00:20:07.298609,bp,13,30.920000076293945,2,0,20,0,0
2022-02-01 00:25:56.472732,bp,15,30.920000076293945,2,0,20,1,0
2022-02-01 00:31:40.864065,bp,13,30.920000076293945,1,0,20,1,0
2022-02-01 00:37:25.609374,bp,16,30.920000076293945,1,0,20,1,0
2022-02-01 00:43:10.502904,bp,16,30.920000076293945,1,0,20,1,0
2022-02-01 00:48:52.801917,bp,15,30.920000076293945,1,0,20,1,0
2022-02-01 00:54:36.494527,bp,13,30.920000076293945,0,0,20,0,0
2022-02-01 01:00:21.063453,bp,13,30.920000076293945,0,0,20,1,0
2022-02-01 01:06:09.158600,bp,14,30.920000076293945,0,0,20,0,0
2022-02-01 01:11:55.500905,bp,12,30.920000076293945,0,0,20,0,0
2022-02-01 01:17:41.803050,bp,10,30.920000076293945,0,0,20,0,0
2022-02-01 01:23:25.791957,bp,11,30.920000076293945,0,0,20,0,0
2022-02-01 01:29:11.934129,bp,10,30.920000076293945,0,0,20,0,0
2022-02-01 01:34:57.246061,bp,9,30.920000076293945,0,0,20,0,0
2022-02-01 01:40:55.799685,bp,9,30.920000076293945,0,0,20,0,0
2022-02-01 01:46:43.124223,bp,7,30.920000076293945,0,0,20,0,0
2022-02-01 01:52:29.360345,bp,6,30.920000076293945,0,0,20,0,0
2022-02-01 01:58:14.015680,bp,6,30.920000076293945,0,0,20,0,0
2022-02-01 02:04:00.061596,bp,16,30.920000076293945,0,0,20,0,0
2022-02-01 02:09:49.863475,bp,13,30.920000076293945,0,0,20,0,0
2022-02-01 02:15:42.548361,bp,14,30.920000076293945,0,0,20,0,0
2022-02-01 02:21:29.884570,bp,11,30.920000076293945,0,0,20,0,0
2022-02-01 02:27:15.373293,bp,10,30.920000076293945,0,0,20,0,0
2022-02-01 02:33:02.121463,bp,11,30.920000076293945,0,0,20,0,0
2022-02-01 02:38:48.918494,bp,13,30.920000076293945,0,0,20,0,0
2022-02-01 02:44:35.925357,bp,10,30.920000076293945,1,0,20,0,0
2022-02-01 02:50:21.180416,bp,11,30.920000076293945,1,0,20,0,0
2022-02-01 02:56:09.900188,bp,12,30.920000076293945,1,0,20,0,0
2022-02-01 03:01:56.224701,bp,13,30.920000076293945,1,1,20,0,0
2022-02-01 03:07:43.707899,bp,13,30.920000076293945,3,1,20,0,0
2022-02-01 03:13:29.962954,bp,15,30.920000076293945,3,1,20,0,0
2022-02-01 03:19:16.412638,bp,14,30.920000076293945,3,0,20,0,0
2022-02-01 03:25:01.508459,bp,13,30.920000076293945,3,0,20,1,0
2022-02-01 03:30:49.522560,bp,15,30.920000076293945,3,0,20,0,0
2022-02-01 03:36:38.015302,bp,13,30.920000076293945,3,0,20,0,0
2022-02-01 03:42:21.998318,bp,14,30.920000076293945,3,1,20,0,0
2022-02-01 03:48:07.472071,bp,12,30.920000076293945,3,1,20,1,0
2022-02-01 03:53:56.627313,bp,13,30.920000076293945,3,1,20,0,0
2022-02-01 03:59:43.287447,bp,13,30.920000076293945,3,1,20,0,0
2022-02-01 04:05:32.900034,bp,21,30.920000076293945,3,2,20,0,0
2022-02-01 04:11:24.990753,bp,17,30.920000076293945,2,1,20,0,0
2022-02-01 04:17:15.001525,bp,18,30.920000076293945,2,1,20,0,0
2022-02-01 04:23:04.186214,bp,19,30.920000076293945,2,1,20,0,0
2022-02-01 04:28:50.117019,bp,20,30.920000076293945,3,1,20,0,0
2022-02-01 04:34:39.542957,bp,20,30.920000076293945,2,1,20,0,0
2022-02-01 04:40:26.324010,bp,19,30.920000076293945,3,0,20,1,0
2022-02-01 04:46:15.103323,bp,17,30.920000076293945,3,0,20,1,0
2022-02-01 04:52:02.566854,bp,18,30.920000076293945,5,1,20,1,0
2022-02-01 04:57:46.409561,bp,18,30.920000076293945,5,2,20,1,0
2022-02-01 05:03:33.157722,bp,23,30.920000076293945,5,2,20,1,0
2022-02-01 05:09:22.327842,bp,22,30.920000076293945,5,2,20,1,0
2022-02-01 05:15:08.581893,bp,22,30.920000076293945,5,2,20,1,0
2022-02-01 05:20:55.310907,bp,19,30.920000076293945,4,2,20,1,0
2022-02-01 05:26:46.046070,bp,18,30.920000076293945,5,2,20,1,0
2022-02-01 05:32:35.622004,bp,15,30.920000076293945,4,2,20,0,0
2022-02-01 05:38:19.790620,bp,16,30.920000076293945,3,2,20,0,0
2022-02-01 05:44:07.741903,bp,17,30.920000076293945,3,3,20,0,1
2022-02-01 05:49:54.291230,bp,18,30.920000076293945,2,3,20,0,1
2022-02-01 05:55:43.766285,bp,22,30.920000076293945,2,4,20,0,1
2022-02-01 06:01:32.368947,bp,26,30.920000076293945,0,3,20,0,0
2022-02-01 06:07:20.986215,bp,28,30.920000076293945,1,3,20,0,0
2022-02-01 06:13:07.293226,bp,25,30.920000076293945,2,2,20,0,0
2022-02-01 06:18:52.712592,bp,27,30.920000076293945,2,2,20,0,0
2022-02-01 06:24:40.213558,bp,29,30.920000076293945,2,2,20,0,1
2022-02-01 06:30:28.810597,bp,30,30.920000076293945,2,2,20,0,0
2022-02-01 06:36:16.990904,bp,28,30.920000076293945,2,2,20,0,0
2022-02-01 06:42:06.456851,bp,29,30.920000076293945,3,1,20,0,0
2022-02-01 06:47:55.099011,bp,27,30.920000076293945,3,1,20,0,0
2022-02-01 06:53:42.559897,bp,27,30.920000076293945,3,1,20,0,0
2022-02-01 06:59:31.134867,bp,27,30.920000076293945,2,1,20,0,0
2022-02-01 07:05:19.750831,bp,25,30.920000076293945,1,2,20,1,0
2022-02-01 07:11:09.203560,bp,27,30.920000076293945,2,3,20,0,0
2022-02-01 07:17:00.804025,bp,28,30.920000076293945,2,2,20,0,0
2022-02-01 07:22:48.172863,bp,25,30.920000076293945,2,1,20,0,0
2022-02-01 07:28:36.201729,bp,25,30.920000076293945,2,1,20,0,0
2022-02-01 07:34:27.570693,bp,20,31.125,1,1,20,0,0
2022-02-01 07:40:15.108870,bp,20,31.18000030517578,1,1,20,0,0
2022-02-01 07:46:03.382982,bp,20,31.280000686645508,2,1,20,0,0
2022-02-01 07:51:54.763085,bp,20,31.415000915527344,3,2,20,0,0
2022-02-01 07:57:43.282416,bp,14,31.4950008392334,2,2,20,0,0
2022-02-01 08:03:32.498027,bp,22,31.454999923706055,5,1,20,0,0
2022-02-01 08:09:22.014372,bp,23,31.594999313354492,3,2,20,0,0
2022-02-01 08:15:11.435760,bp,22,31.70479965209961,4,2,20,0,0
2022-02-01 08:20:59.599195,bp,22,31.7450008392334,5,2,20,0,0
2022-02-01 08:26:51.235130,bp,23,31.72949981689453,5,2,20,0,0
2022-02-01 08:32:42.428343,bp,22,31.719999313354492,5,2,20,0,0
2022-02-01 08:38:32.946362,bp,24,31.780000686645508,5,2,20,2,0
2022-02-01 08:44:22.469057,bp,24,31.735000610351562,4,2,20,0,0
2022-02-01 08:50:13.950897,bp,21,31.639999389648438,4,1,20,2,0
2022-02-01 08:56:04.309270,bp,21,31.78499984741211,3,2,20,0,0
2022-02-01 09:01:57.831612,bp,20,31.780000686645508,3,3,20,0,0
2022-02-01 09:07:58.158536,bp,22,31.81999969482422,4,3,20,0,0
2022-02-01 09:13:47.018656,bp,21,31.850000381469727,4,3,20,0,0
2022-02-01 09:19:37.607274,bp,25,31.865800857543945,5,3,20,0,0
2022-02-01 09:25:28.036895,bp,22,31.780000686645508,5,2,20,0,0
2022-02-01 09:31:16.931542,bp,25,31.720600128173828,6,1,20,0,0
2022-02-01 09:37:08.519245,bp,26,31.809999465942383,7,2,20,0,0
2022-02-01 09:42:55.988755,bp,25,31.764999389648438,7,2,20,0,0
2022-02-01 09:48:44.488682,bp,24,31.78499984741211,8,2,20,0,0
2022-02-01 09:54:32.216502,bp,27,31.735000610351562,8,1,20,0,0
2022-02-01 10:00:19.083596,bp,30,31.739999771118164,9,1,20,0,0
2022-02-01 10:06:07.618619,bp,27,31.7450008392334,7,1,20,0,0
2022-02-01 10:12:00.864110,bp,24,31.75,7,1,20,0,0
2022-02-01 10:17:50.604386,bp,22,31.719999313354492,8,1,20,0,0
2022-02-01 10:23:38.382566,bp,21,31.655000686645508,8,1,20,0,0
2022-02-01 10:29:26.728434,bp,15,31.649999618530273,6,0,20,0,0
2022-02-01 10:35:18.044945,bp,18,31.614999771118164,6,0,20,0,0
2022-02-01 10:41:07.263836,bp,18,31.649999618530273,6,0,20,0,0
2022-02-01 10:46:58.405395,bp,18,31.610000610351562,5,0,20,0,0
2022-02-01 10:52:50.474023,bp,19,31.604999542236328,4,1,20,0,0
2022-02-01 10:58:38.525733,bp,16,31.625,3,0,20,0,0
2022-02-01 11:04:26.509427,bp,21,31.610700607299805,3,0,20,0,0
2022-02-01 11:10:16.686533,bp,26,31.604999542236328,4,1,20,0,0
2022-02-01 11:16:06.526661,bp,24,31.604999542236328,2,1,20,0,1
2022-02-01 11:21:58.828365,bp,25,31.600000381469727,2,1,20,0,1
2022-02-01 11:27:47.931270,bp,25,31.604999542236328,3,1,20,0,1
2022-02-01 11:33:40.580113,bp,22,31.540000915527344,2,1,20,0,1
2022-02-01 11:39:27.040434,bp,26,31.563899993896484,4,1,20,0,0
2022-02-01 11:45:14.068008,bp,25,31.56999969482422,4,1,20,0,1
2022-02-01 11:51:02.256907,bp,26,31.594999313354492,5,1,20,0,1
2022-02-01 11:56:55.940088,bp,27,31.614999771118164,5,1,20,0,1
2022-02-01 12:02:44.912780,bp,37,31.668500900268555,8,1,20,0,0
2022-02-01 12:08:32.934227,bp,32,31.719999313354492,8,1,20,0,0
2022-02-01 12:14:22.439410,bp,34,31.809999465942383,8,2,20,0,0
2022-02-01 12:20:23.881166,bp,32,31.763200759887695,7,2,20,0,0
2022-02-01 12:26:12.151986,bp,27,31.80500030517578,5,0,20,0,0
2022-02-01 12:32:19.799405,bp,22,31.80500030517578,4,0,20,0,0
2022-02-01 12:38:07.317863,bp,17,31.825000762939453,1,0,20,1,0
2022-02-01 12:43:55.121158,bp,16,31.795000076293945,1,0,20,0,0
2022-02-01 12:49:41.333875,bp,21,31.80500030517578,2,1,20,0,0
2022-02-01 12:55:29.202890,bp,21,31.81999969482422,2,1,20,0,0
2022-02-01 13:01:14.524940,bp,27,31.809999465942383,4,3,20,0,0
2022-02-01 13:07:05.980011,bp,30,31.84749984741211,5,3,20,0,0
2022-02-01 13:12:55.254803,bp,29,31.8356990814209,6,2,20,0,0
2022-02-01 13:18:42.495140,bp,11,32.150001525878906,1,1,20,0,0
2022-02-03 16:51:48.469013,bp,11,32.150001525878906,1,1,20,0,0
2022-02-03 16:57:35.137137,bp,11,32.150001525878906,1,1,20,0,0
2022-02-03 17:03:25.068033,bp,15,32.150001525878906,1,2,20,0,0
2022-02-03 17:09:16.448861,bp,15,32.150001525878906,1,1,20,0,0
2022-02-03 17:15:02.926045,bp,16,32.150001525878906,2,1,20,0,0
2022-02-03 17:20:51.673526,bp,16,32.150001525878906,2,1,20,0,0
2022-02-03 17:27:14.447719,bp,16,32.150001525878906,2,3,20,0,0
2022-02-03 17:33:01.272533,bp,15,32.150001525878906,2,2,20,0,0
2022-02-03 17:38:49.577980,bp,15,32.150001525878906,2,2,20,0,1
2022-02-03 17:44:38.098658,bp,13,32.150001525878906,2,2,20,0,1
2022-02-03 17:50:25.871899,bp,13,32.150001525878906,2,2,20,0,1
2022-02-03 17:56:18.194576,bp,13,32.150001525878906,1,0,20,0,1
2022-02-03 18:02:06.610952,bp,20,32.150001525878906,4,2,20,0,1
2022-02-03 18:07:57.929548,bp,16,32.150001525878906,5,0,20,0,1
2022-02-03 18:13:47.279078,bp,13,32.150001525878906,2,1,20,0,1
2022-02-03 18:19:36.094329,bp,15,32.150001525878906,3,1,20,0,1
2022-02-03 18:25:26.151887,bp,14,32.150001525878906,2,1,20,1,2
2022-02-03 18:31:15.442235,bp,11,32.150001525878906,2,1,20,1,2
2022-02-03 18:37:07.372108,bp,12,32.150001525878906,2,1,20,1,1
2022-02-03 18:42:55.896593,bp,10,32.150001525878906,1,1,20,1,1
2022-02-03 18:48:46.049274,bp,7,32.150001525878906,0,0,20,1,1
2022-02-03 18:54:35.442342,bp,6,32.150001525878906,0,1,20,0,0
2022-02-03 19:00:22.943977,bp,10,32.150001525878906,1,1,20,0,0
2022-02-03 19:06:13.285063,bp,19,32.150001525878906,0,1,20,0,0
2022-02-03 19:12:05.747194,bp,18,32.150001525878906,0,1,20,0,0
2022-02-03 19:17:58.239311,bp,16,32.150001525878906,0,1,20,0,0
2022-02-03 19:23:47.850264,bp,16,32.150001525878906,0,1,20,0,1
2022-02-03 19:29:37.479416,bp,17,32.150001525878906,0,1,20,0,0
2022-02-03 19:35:29.293332,bp,17,32.150001525878906,0,1,20,0,1
2022-02-03 19:41:21.059352,bp,17,32.150001525878906,0,0,20,0,1
2022-02-03 19:47:08.642653,bp,17,32.150001525878906,0,0,20,0,1
2022-02-03 19:52:55.283795,bp,16,32.150001525878906,0,0,20,0,1
2022-02-03 19:58:41.999450,bp,17,32.150001525878906,0,0,20,0,1
2022-02-03 20:04:31.773210,bp,9,32.150001525878906,0,0,20,0,1
2022-02-03 20:10:18.717894,bp,9,32.150001525878906,0,0,20,0,1
2022-02-03 20:16:07.910978,bp,9,32.150001525878906,0,0,20,0,1
2022-02-03 20:22:00.434379,bp,8,32.150001525878906,0,0,20,0,1
2022-02-03 20:27:49.517375,bp,8,32.150001525878906,0,0,20,0,1
2022-02-03 20:33:41.201217,bp,8,32.150001525878906,0,0,20,0,0
2022-02-03 20:39:29.089261,bp,7,32.150001525878906,0,0,20,0,0
2022-02-03 20:45:15.637239,bp,9,32.150001525878906,0,0,20,0,0
2022-02-03 20:51:01.816737,bp,11,32.150001525878906,0,0,20,0,0
2022-02-03 20:56:53.304332,bp,8,32.150001525878906,0,0,20,0,0
2022-02-03 21:02:40.902161,bp,13,32.150001525878906,0,0,20,0,0
2022-02-03 21:08:29.316375,bp,15,32.150001525878906,0,0,20,0,0
2022-02-03 21:14:17.324700,bp,17,32.150001525878906,3,0,20,0,0
2022-02-03 21:20:04.728909,bp,18,32.150001525878906,3,0,20,0,0
2022-02-03 21:26:01.465917,bp,17,32.150001525878906,3,0,20,0,0
2022-02-03 21:31:52.737972,bp,15,32.150001525878906,0,0,20,0,0
2022-02-03 21:37:41.697257,bp,15,32.150001525878906,1,0,20,0,0
2022-02-03 21:43:27.216821,bp,14,32.150001525878906,2,0,20,0,0
2022-02-03 21:49:14.251709,bp,13,32.150001525878906,2,1,20,0,0
2022-02-03 21:55:01.012053,bp,13,32.150001525878906,2,1,20,0,0
2022-02-03 22:00:48.869202,bp,15,32.150001525878906,2,3,20,0,0
2022-02-03 22:06:36.092220,bp,11,32.150001525878906,2,1,20,0,0
2022-02-03 22:12:24.826503,bp,13,32.150001525878906,2,1,20,1,0
2022-02-03 22:18:12.919117,bp,10,32.150001525878906,2,1,20,1,0
2022-02-03 22:24:02.783587,bp,11,32.150001525878906,2,1,20,1,0
2022-02-03 22:29:50.099598,bp,10,32.150001525878906,2,1,20,1,0
2022-02-03 22:35:37.933471,bp,8,32.150001525878906,1,1,20,1,0
2022-02-03 22:41:26.532775,bp,10,32.150001525878906,1,1,20,1,0
2022-02-03 22:47:16.299779,bp,8,32.150001525878906,1,1,20,1,0
2022-02-03 22:53:05.427029,bp,7,32.150001525878906,1,0,20,1,0
2022-02-03 22:58:54.681867,bp,5,32.150001525878906,0,0,20,1,0
2022-02-03 23:04:40.195472,bp,7,32.150001525878906,0,0,20,1,0
2022-02-03 23:10:27.039381,bp,9,32.150001525878906,0,0,20,0,0
2022-02-03 23:16:15.338856,bp,9,32.150001525878906,0,0,20,2,0
2022-02-03 23:22:04.574492,bp,8,32.150001525878906,0,0,20,2,0
2022-02-03 23:27:50.059764,bp,7,32.150001525878906,0,0,20,2,0
2022-02-03 23:33:39.257100,bp,7,32.150001525878906,0,0,20,2,0
2022-02-03 23:39:26.549492,bp,5,32.150001525878906,0,0,20,0,0
2022-02-03 23:45:13.152986,bp,5,32.150001525878906,0,0,20,1,0
2022-02-03 23:51:01.489772,bp,5,32.150001525878906,0,0,20,1,0
2022-02-03 23:56:49.373123,bp,5,32.150001525878906,0,0,20,0,0
2022-02-04 00:02:34.415327,bp,2,32.150001525878906,1,0,20,1,0
2022-02-04 00:08:21.456947,bp,3,32.150001525878906,1,0,20,1,0
2022-02-04 00:14:10.122448,bp,8,32.150001525878906,1,0,20,3,1
2022-02-04 00:19:57.230071,bp,8,32.150001525878906,1,0,20,0,0
2022-02-04 00:25:45.323512,bp,10,32.150001525878906,1,0,20,2,1
2022-02-04 00:31:32.367000,bp,11,32.150001525878906,1,0,20,2,1
2022-02-04 00:37:19.055602,bp,9,32.150001525878906,1,0,20,2,1
2022-02-04 00:43:02.719603,bp,10,32.150001525878906,1,0,20,0,0
2022-02-04 00:48:47.117929,bp,12,32.150001525878906,1,0,20,0,0
2022-02-04 00:54:32.552268,bp,12,32.150001525878906,0,0,20,0,0
2022-02-04 01:00:17.876671,bp,12,32.150001525878906,1,0,20,0,0
2022-02-04 01:06:03.093901,bp,10,32.150001525878906,0,0,20,0,0
2022-02-04 01:11:50.943095,bp,6,32.150001525878906,0,0,20,0,0
2022-02-04 01:17:36.130223,bp,6,32.150001525878906,0,0,20,0,0
2022-02-04 01:23:21.271349,bp,7,32.150001525878906,0,3,20,0,0
2022-02-04 01:29:07.635019,bp,7,32.150001525878906,0,3,20,0,0
2022-02-04 01:34:52.980406,bp,4,32.150001525878906,0,0,20,0,0
2022-02-04 01:40:42.141239,bp,5,32.150001525878906,0,0,20,0,0
2022-02-04 01:46:29.014995,bp,5,32.150001525878906,0,0,20,0,0
2022-02-04 01:52:16.136594,bp,5,32.150001525878906,0,0,20,0,0
2022-02-04 01:58:05.621728,bp,7,32.150001525878906,1,0,20,0,0
2022-02-04 02:03:48.704742,bp,9,32.150001525878906,1,0,20,0,0
2022-02-04 02:09:33.968995,bp,10,32.150001525878906,2,0,20,0,0
2022-02-04 02:15:20.127194,bp,10,32.150001525878906,2,0,20,0,0
2022-02-04 02:21:06.090676,bp,10,32.150001525878906,2,0,20,0,0
2022-02-04 02:26:53.069484,bp,10,32.150001525878906,2,0,20,0,0
2022-02-04 02:32:38.669323,bp,10,32.150001525878906,2,0,20,0,0
2022-02-04 02:38:24.515200,bp,7,32.150001525878906,2,0,20,0,0
2022-02-04 02:44:13.682347,bp,8,32.150001525878906,3,0,20,0,0
2022-02-04 02:49:59.320005,bp,10,32.150001525878906,3,0,20,2,0
2022-02-04 02:55:46.121255,bp,11,32.150001525878906,2,0,20,0,0
2022-02-04 03:01:30.912970,bp,16,32.150001525878906,3,0,20,0,0
2022-02-04 03:07:19.982933,bp,17,32.150001525878906,2,1,20,0,0
2022-02-04 03:13:07.199007,bp,18,32.150001525878906,2,1,20,0,0
2022-02-04 03:18:54.202355,bp,15,32.150001525878906,3,1,20,2,1
2022-02-04 03:24:40.103918,bp,14,32.150001525878906,2,0,20,2,0
2022-02-04 03:30:24.933710,bp,13,32.150001525878906,2,0,20,0,0
2022-02-04 03:36:14.299717,bp,15,32.150001525878906,3,0,20,0,0
2022-02-04 03:42:04.611708,bp,13,32.150001525878906,2,0,20,1,0
2022-02-04 03:47:51.341308,bp,12,32.150001525878906,2,0,20,1,0
2022-02-04 03:53:38.484483,bp,9,32.150001525878906,1,0,20,1,0
2022-02-04 03:59:23.935634,bp,9,32.150001525878906,1,1,20,1,0
2022-02-04 04:05:11.544057,bp,9,32.150001525878906,1,1,20,0,0
2022-02-04 04:10:58.420518,bp,13,32.150001525878906,2,1,20,1,0
2022-02-04 04:16:48.340121,bp,13,32.150001525878906,2,1,20,0,0
2022-02-04 04:22:36.733512,bp,16,32.150001525878906,2,1,20,0,0
2022-02-04 04:28:26.218425,bp,17,32.150001525878906,2,1,20,0,0
2022-02-04 04:34:16.202394,bp,18,32.150001525878906,3,1,20,0,0
2022-02-04 04:40:05.940339,bp,19,32.150001525878906,3,1,20,0,0
2022-02-04 04:45:53.399308,bp,19,32.150001525878906,4,1,20,0,0
2022-02-04 04:51:43.465945,bp,21,32.150001525878906,4,1,20,0,0
2022-02-04 04:57:34.695883,bp,18,32.150001525878906,5,1,20,0,0
2022-02-04 05:03:20.731813,bp,28,32.150001525878906,6,1,20,0,0
2022-02-04 05:09:07.063128,bp,27,32.150001525878906,5,0,20,0,0
2022-02-04 05:14:55.270904,bp,24,32.150001525878906,4,0,20,0,0
2022-02-04 05:20:44.063642,bp,25,32.150001525878906,3,0,20,0,0
2022-02-04 05:26:31.262340,bp,23,32.150001525878906,3,0,20,0,0
2022-02-04 05:32:52.072262,bp,17,32.150001525878906,2,0,20,0,0
2022-02-04 05:38:41.023213,bp,21,32.150001525878906,5,0,20,0,0
2022-02-04 05:44:31.679255,bp,21,32.150001525878906,4,0,20,0,0
2022-02-04 05:50:19.063907,bp,21,32.150001525878906,4,1,20,0,0
2022-02-04 05:56:07.496309,bp,20,32.150001525878906,3,0,20,0,0
2022-02-04 06:01:56.504474,bp,22,32.150001525878906,4,2,20,0,0
2022-02-04 06:07:45.243436,bp,24,32.150001525878906,4,2,20,0,0
2022-02-04 06:13:35.110482,bp,31,32.150001525878906,5,2,20,0,0
2022-02-04 06:19:23.724287,bp,30,32.150001525878906,6,1,20,0,0
2022-02-04 06:25:10.708732,bp,31,32.150001525878906,5,1,20,0,0
2022-02-04 06:31:00.343846,bp,27,32.150001525878906,4,2,20,0,0
2022-02-04 06:36:56.027070,bp,27,32.150001525878906,4,2,20,0,0
2022-02-04 06:42:45.036574,bp,27,32.150001525878906,5,1,20,0,0
2022-02-04 06:48:36.949736,bp,25,32.150001525878906,5,1,20,0,0
2022-02-04 06:54:27.417811,bp,28,32.150001525878906,7,1,20,0,0
2022-02-04 07:00:14.378936,bp,34,32.150001525878906,8,1,20,0,0
2022-02-04 07:06:02.868816,bp,30,32.150001525878906,10,1,20,0,0
2022-02-04 07:11:49.729938,bp,27,32.150001525878906,9,1,20,0,0
2022-02-04 07:17:44.242328,bp,25,32.150001525878906,7,1,20,0,0
2022-02-04 07:23:33.682964,bp,26,32.150001525878906,7,1,20,0,0
2022-02-04 07:29:22.523852,bp,25,32.150001525878906,5,0,20,0,0
2022-02-04 07:35:10.648914,bp,24,32.849998474121094,4,0,20,0,0
2022-02-04 07:40:56.951643,bp,19,33.03499984741211,4,0,20,0,0
2022-02-04 07:46:46.478285,bp,19,33.06999969482422,6,0,20,0,0
2022-02-04 07:52:37.574672,bp,14,32.959999084472656,6,0,20,0,0
2022-02-04 07:58:25.367703,bp,20,33.0,6,0,20,2,0
2022-02-04 08:04:13.386441,bp,31,33.04840087890625,7,1,20,1,0
2022-02-04 08:09:59.707189,bp,32,33.07500076293945,7,1,20,2,0
2022-02-04 08:15:47.850078,bp,33,33.13999938964844,8,1,20,1,0
2022-02-04 08:21:38.438704,bp,31,33.16999816894531,8,1,20,1,0
2022-02-04 08:27:27.906909,bp,29,33.1349983215332,8,2,20,1,0
2022-02-04 08:33:18.516960,bp,31,32.904998779296875,11,3,20,0,0
2022-02-04 08:39:06.629085,bp,27,32.77000045776367,10,3,20,1,0
2022-02-04 08:44:57.585459,bp,23,32.81999969482422,7,3,20,1,0
2022-02-04 08:50:46.903661,bp,21,32.72999954223633,7,3,20,1,0
2022-02-04 08:56:36.354566,bp,21,32.790000915527344,7,2,20,1,0
2022-02-04 09:02:26.468156,bp,19,32.819801330566406,7,2,20,0,0
2022-02-04 09:08:19.018261,bp,22,32.80500030517578,8,2,20,0,0
2022-02-04 09:14:07.085493,bp,22,32.779998779296875,6,2,20,0,0
2022-02-04 09:19:54.791644,bp,19,32.78689956665039,5,2,20,0,0
2022-02-04 09:25:42.429958,bp,19,32.8650016784668,4,1,20,0,0
2022-02-04 09:31:29.543076,bp,16,32.90999984741211,1,0,20,0,0
2022-02-04 09:37:18.362177,bp,17,32.935001373291016,3,0,20,0,0
2022-02-04 09:43:04.378791,bp,19,32.95000076293945,3,0,20,0,0
2022-02-04 09:48:52.785145,bp,21,32.974998474121094,3,1,20,0,0
2022-02-04 09:54:40.599478,bp,22,33.005001068115234,4,1,20,0,0
2022-02-04 10:00:28.199567,bp,28,32.939998626708984,4,1,20,0,0
2022-02-04 10:06:17.652607,bp,26,32.97999954223633,3,2,20,0,0
2022-02-04 10:12:09.946912,bp,26,32.917701721191406,3,3,20,0,0
2022-02-04 10:17:58.084532,bp,27,32.915000915527344,2,3,20,0,0
2022-02-04 10:23:46.926485,bp,27,32.900001525878906,2,3,20,0,0
2022-02-04 10:29:33.413590,bp,25,32.93000030517578,1,2,20,0,0
2022-02-04 10:35:23.475373,bp,28,32.915000915527344,2,3,20,0,0
2022-02-04 10:41:11.207016,bp,28,32.90999984741211,3,2,20,0,0
2022-02-04 10:46:59.321196,bp,25,32.8849983215332,3,2,20,0,0
2022-02-04 10:52:49.434844,bp,25,32.838401794433594,2,3,20,0,0
2022-02-04 10:58:36.656660,bp,22,32.834999084472656,3,3,20,0,0
2022-02-04 11:04:26.358982,bp,24,32.89500045776367,3,3,20,0,0
2022-02-04 11:10:15.537652,bp,25,32.915000915527344,3,3,20,0,0
2022-02-04 11:16:05.935873,bp,21,32.86000061035156,3,3,20,0,0
2022-02-04 11:21:55.749597,bp,21,32.89550018310547,2,2,20,0,0
2022-02-04 11:27:44.671911,bp,20,32.90999984741211,3,2,21,0,0
2022-02-04 11:33:35.237356,bp,15,32.8849983215332,3,2,20,0,0
2022-02-04 11:39:45.022374,bp,11,32.914100646972656,3,1,20,0,0
2022-02-04 11:45:39.160121,bp,15,32.90999984741211,3,1,20,0,0
2022-02-04 11:51:26.358628,bp,13,32.98889923095703,3,0,20,0,0
2022-02-04 11:57:15.426094,bp,14,32.994998931884766,3,0,20,1,0
2022-02-04 12:03:03.882447,bp,22,32.97999954223633,5,1,20,0,0
2022-02-04 12:11:15.154158,bp,18,32.9900016784668,5,0,20,0,1
2022-02-04 12:17:05.186843,bp,14,32.974998474121094,5,0,20,0,1
2022-02-04 12:22:57.446928,bp,11,32.94499969482422,3,0,20,0,1
2022-02-04 12:28:42.691015,bp,13,32.95500183105469,4,1,20,0,1
2022-02-04 12:34:32.539793,bp,14,32.915000915527344,5,1,20,0,2
2022-02-04 12:40:20.637186,bp,16,32.959999084472656,6,1,20,0,2
2022-02-04 12:46:09.950105,bp,18,32.935001373291016,7,1,20,0,2
2022-02-04 12:51:57.819767,bp,19,32.974998474121094,8,1,20,0,2
2022-02-04 12:57:49.868781,bp,15,32.984500885009766,6,1,20,0,2
2022-02-04 13:03:38.352724,bp,19,33.01499938964844,7,5,20,0,2
2022-02-04 13:09:26.711566,bp,20,33.005001068115234,7,5,20,0,1
2022-02-04 13:15:12.769064,bp,21,33.02000045776367,6,4,20,0,1
2022-02-04 13:21:01.486139,bp,20,32.994998931884766,6,2,20,0,1
2022-02-04 13:26:50.466395,bp,18,33.04499816894531,6,2,20,0,1
2022-02-04 13:32:39.581687,bp,18,33.04499816894531,4,2,20,0,1
2022-02-04 13:38:28.455608,bp,18,33.02579879760742,2,2,20,0,0
2022-02-04 13:44:16.314071,bp,17,33.01499938964844,2,2,20,0,0
2022-02-04 13:50:04.516302,bp,19,32.98440170288086,1,2,20,0,0
2022-02-04 13:55:51.776342,bp,21,32.904998779296875,1,3,20,0,0
2022-02-04 14:01:40.626471,bp,20,32.869998931884766,0,1,20,0,0
2022-02-04 14:07:29.719197,bp,22,32.869998931884766,0,2,20,0,0
2022-02-04 14:13:17.199121,bp,23,32.880001068115234,1,2,20,0,0
2022-02-04 14:19:08.900838,bp,21,32.880001068115234,1,2,20,0,0
2022-02-04 14:24:58.377691,bp,21,32.880001068115234,1,2,20,0,0
2022-02-04 14:30:46.189464,bp,19,32.880001068115234,1,2,20,0,0
2022-02-04 14:36:35.779073,bp,14,32.880001068115234,2,1,20,0,0
2022-02-04 14:42:28.256508,bp,17,32.880001068115234,3,2,20,0,0
2022-02-04 14:48:17.751646,bp,19,32.880001068115234,4,2,20,0,0
2022-02-04 14:54:09.098973,bp,18,32.880001068115234,4,1,20,0,0
2022-02-04 14:59:58.587099,bp,29,32.880001068115234,5,2,20,0,0
2022-02-04 15:05:48.767443,bp,30,32.880001068115234,6,2,20,0,0
2022-02-04 15:11:40.155347,bp,28,32.880001068115234,6,2,20,0,0
2022-02-04 15:17:32.439290,bp,27,32.880001068115234,7,2,20,0,0
2022-02-04 15:23:22.050186,bp,29,32.880001068115234,8,4,20,0,0
2022-02-04 15:29:10.153476,bp,32,32.880001068115234,9,4,20,0,0
2022-02-04 15:35:00.098884,bp,32,32.880001068115234,8,4,20,0,0
2022-02-04 15:40:50.026881,bp,27,32.880001068115234,9,3,20,0,0
2022-02-04 15:46:40.212051,bp,25,32.880001068115234,10,3,20,0,0
2022-02-04 15:52:30.921989,bp,25,32.880001068115234,10,3,20,0,0
2022-02-04 15:58:21.203197,bp,23,32.880001068115234,10,3,20,0,0
2022-02-04 16:09:12.198693,bp,23,32.880001068115234,8,3,20,0,0
2022-02-04 16:14:59.195686,bp,24,32.880001068115234,5,2,20,0,0
2022-02-04 16:20:47.322913,bp,20,32.880001068115234,4,2,20,0,1
2022-02-04 16:26:35.447886,bp,20,32.880001068115234,4,2,20,0,1
2022-02-04 16:32:25.238903,bp,19,32.880001068115234,1,3,20,0,1
2022-02-04 16:38:15.639928,bp,15,32.880001068115234,0,3,20,0,1
2022-02-04 16:44:01.565071,bp,13,32.880001068115234,0,3,20,0,1
2022-02-04 16:49:51.121044,bp,10,32.880001068115234,0,3,20,0,1
2022-02-04 16:55:39.674679,bp,8,32.880001068115234,0,3,20,0,0
2022-02-04 17:01:26.187796,bp,11,32.880001068115234,1,3,20,0,1
2022-02-04 17:07:14.656135,bp,9,32.880001068115234,1,1,20,0,1
2022-02-04 17:13:04.661971,bp,10,32.880001068115234,1,0,20,0,1
2022-02-04 17:18:51.494583,bp,9,32.880001068115234,1,1,20,0,1
2022-02-04 17:24:36.707558,bp,8,32.880001068115234,1,0,20,0,0
2022-02-04 17:30:23.388718,bp,10,32.880001068115234,1,0,20,0,0
2022-02-04 17:36:10.949838,bp,13,32.880001068115234,1,1,20,0,0
2022-02-04 17:41:57.565027,bp,12,32.880001068115234,1,1,20,0,0
2022-02-04 17:47:47.395715,bp,15,32.880001068115234,2,2,20,1,0
2022-02-04 17:53:35.091975,bp,17,32.880001068115234,3,2,20,0,0
2022-02-04 17:59:21.708404,bp,15,32.880001068115234,3,2,20,0,1
2022-02-04 18:05:10.013031,bp,9,32.880001068115234,1,0,20,0,0
2022-02-04 18:10:56.493077,bp,8,32.880001068115234,1,0,20,0,0
2022-02-04 18:16:46.662076,bp,9,32.880001068115234,3,0,20,1,0
2022-02-04 18:22:32.980716,bp,7,32.880001068115234,1,0,20,1,0
2022-02-04 18:28:23.060225,bp,4,32.880001068115234,1,0,20,2,0
2022-02-04 18:34:09.394670,bp,3,32.880001068115234,1,0,20,0,0
2022-02-04 18:39:55.500328,bp,2,32.880001068115234,1,0,20,0,0
2022-02-04 18:45:43.115522,bp,2,32.880001068115234,0,0,20,1,0
2022-02-04 18:51:33.829720,bp,3,32.880001068115234,0,1,20,0,0
2022-02-04 18:57:21.902628,bp,3,32.880001068115234,0,1,20,0,0
2022-02-04 19:03:11.189335,bp,5,32.880001068115234,0,0,20,0,0
2022-02-04 19:09:01.920338,bp,5,32.880001068115234,0,0,20,2,0
2022-02-04 19:14:52.020486,bp,6,32.880001068115234,0,0,20,2,0
2022-02-04 19:20:37.528620,bp,8,32.880001068115234,0,0,20,2,0
2022-02-04 19:26:26.122105,bp,9,32.880001068115234,0,0,20,0,0
2022-02-04 19:32:14.977663,bp,9,32.880001068115234,1,0,20,0,0
2022-02-04 19:38:02.716267,bp,9,32.880001068115234,1,0,20,0,0
2022-02-04 19:43:50.136000,bp,11,32.880001068115234,1,0,20,0,0
2022-02-04 19:49:38.660145,bp,12,32.880001068115234,1,0,20,0,0
2022-02-04 19:55:27.294646,bp,14,32.880001068115234,1,0,20,0,0
2022-02-04 20:01:15.464092,bp,12,32.880001068115234,1,0,20,0,0
2022-02-04 20:07:03.388715,bp,13,32.880001068115234,1,0,20,0,0
2022-02-04 20:12:50.356997,bp,11,32.880001068115234,1,0,20,0,0
2022-02-04 20:18:34.449479,bp,10,32.880001068115234,1,0,20,0,0
2022-02-04 20:24:22.707405,bp,10,32.880001068115234,1,0,20,0,0
2022-02-04 20:30:08.883742,bp,11,32.880001068115234,1,0,20,0,0
2022-02-04 20:35:55.981323,bp,9,32.880001068115234,0,0,20,0,0
2022-02-04 20:41:42.852860,bp,10,32.880001068115234,0,0,20,0,0
2022-02-04 20:47:31.410509,bp,11,32.880001068115234,0,0,20,0,0
2022-02-04 20:53:20.090953,bp,10,32.880001068115234,0,0,20,0,0
2022-02-04 20:59:05.664097,bp,10,32.880001068115234,0,0,20,0,0
2022-02-04 21:04:50.475170,bp,16,32.880001068115234,1,0,20,0,0
2022-02-04 21:10:35.811300,bp,17,32.880001068115234,1,0,20,0,0
2022-02-04 21:16:24.481399,bp,18,32.880001068115234,1,0,20,0,0
2022-02-04 21:22:10.616728,bp,18,32.880001068115234,1,0,20,0,0
2022-02-04 21:27:59.448701,bp,15,32.880001068115234,1,0,20,0,1
2022-02-04 21:33:46.118397,bp,13,32.880001068115234,1,0,20,0,0
2022-02-04 21:39:31.867534,bp,13,32.880001068115234,1,0,20,0,0
2022-02-04 21:45:21.578209,bp,10,32.880001068115234,1,0,20,0,0
2022-02-04 21:51:06.887460,bp,10,32.880001068115234,1,1,20,0,0
2022-02-04 21:56:52.796590,bp,13,32.880001068115234,2,2,20,0,0
2022-02-04 22:02:38.806444,bp,9,32.880001068115234,1,1,20,0,0
2022-02-04 22:08:27.867451,bp,10,32.880001068115234,1,2,20,0,0
2022-02-04 22:14:12.345312,bp,10,32.880001068115234,2,2,20,0,0
2022-02-04 22:19:56.764036,bp,11,32.880001068115234,2,1,20,0,0
2022-02-04 22:25:43.643626,bp,12,32.880001068115234,2,1,20,0,0
2022-02-04 22:31:28.640822,bp,14,32.880001068115234,2,1,20,0,0
2022-02-04 22:37:16.411503,bp,12,32.880001068115234,2,1,20,0,0
2022-02-04 22:43:04.766524,bp,11,32.880001068115234,2,1,20,0,0
2022-02-04 22:48:51.393641,bp,11,32.880001068115234,2,1,20,0,0
2022-02-04 22:54:37.382679,bp,12,32.880001068115234,2,0,20,0,0
2022-02-04 23:00:21.967172,bp,9,32.880001068115234,1,1,20,0,0
2022-02-04 23:06:51.343127,bp,8,32.880001068115234,0,0,20,1,0
2022-02-04 23:12:35.685942,bp,9,32.880001068115234,1,0,20,1,0
2022-02-04 23:18:24.993304,bp,8,32.880001068115234,2,0,20,1,0
2022-02-04 23:24:11.958066,bp,9,32.880001068115234,2,0,20,1,0
2022-02-04 23:29:56.878996,bp,10,32.880001068115234,4,0,20,0,2
2022-02-04 23:35:45.846860,bp,9,32.880001068115234,4,0,20,0,0
2022-02-04 23:41:32.687106,bp,10,32.880001068115234,4,0,20,0,0
2022-02-04 23:47:18.873086,bp,10,32.880001068115234,4,0,20,0,2
2022-02-04 23:53:08.890581,bp,9,32.880001068115234,3,0,20,0,2
2022-02-04 23:58:53.035731,bp,7,32.880001068115234,2,0,20,0,0
2022-02-05 00:04:39.779467,bp,12,32.880001068115234,3,0,20,0,0
2022-02-05 00:10:25.898679,bp,11,32.880001068115234,2,0,20,0,0
2022-02-05 00:16:11.325530,bp,11,32.880001068115234,2,0,20,0,0
2022-02-05 00:21:57.001207,bp,7,32.880001068115234,1,0,20,0,0
2022-02-05 00:27:42.056743,bp,7,32.880001068115234,1,0,20,0,0
2022-02-05 00:33:31.945964,bp,7,32.880001068115234,1,0,20,0,0
2022-02-05 00:39:17.857810,bp,7,32.880001068115234,1,0,20,0,0
2022-02-05 00:45:01.708157,bp,7,32.880001068115234,1,0,20,1,0
2022-02-05 00:50:46.836948,bp,9,32.880001068115234,2,0,20,0,0
2022-02-05 00:56:34.981304,bp,9,32.880001068115234,2,0,20,0,0
2022-02-05 01:02:20.724122,bp,10,32.880001068115234,3,0,20,1,0
2022-02-05 01:08:09.375498,bp,10,32.880001068115234,3,0,20,1,0
2022-02-05 01:13:56.428452,bp,12,32.880001068115234,3,0,20,1,0
2022-02-05 01:19:42.728992,bp,10,32.880001068115234,3,0,20,1,0
2022-02-05 01:25:27.576802,bp,10,32.880001068115234,3,0,20,3,0
2022-02-05 01:31:12.337464,bp,11,32.880001068115234,4,1,20,1,0
2022-02-05 01:37:00.123321,bp,9,32.880001068115234,4,1,20,0,0
2022-02-05 01:42:44.010612,bp,9,32.880001068115234,4,1,20,0,0
2022-02-05 01:48:31.335618,bp,6,32.880001068115234,3,1,20,0,0
2022-02-05 01:54:15.201716,bp,5,32.880001068115234,2,1,20,0,0
2022-02-05 02:00:00.522788,bp,5,32.880001068115234,1,1,20,1,0
2022-02-05 02:05:44.972967,bp,6,32.880001068115234,1,1,20,1,0
2022-02-05 02:11:29.709228,bp,5,32.880001068115234,1,1,20,0,0
2022-02-05 02:17:14.318365,bp,7,32.880001068115234,1,1,20,0,0
2022-02-05 02:22:58.483217,bp,7,32.880001068115234,1,1,20,0,0
2022-02-05 02:28:44.530105,bp,6,32.880001068115234,1,0,20,0,0
2022-02-05 02:34:29.903423,bp,8,32.880001068115234,1,0,20,0,0
2022-02-05 02:40:15.794011,bp,9,32.880001068115234,0,0,20,0,0
2022-02-05 02:46:00.914916,bp,9,32.880001068115234,0,0,20,0,0
2022-02-05 02:51:46.267963,bp,9,32.880001068115234,0,0,20,0,0
2022-02-05 02:57:30.728557,bp,8,32.880001068115234,1,0,20,0,0
2022-02-05 03:03:18.014523,bp,10,32.880001068115234,3,1,20,0,0
2022-02-05 03:09:03.003816,bp,9,32.880001068115234,2,1,20,0,0
2022-02-05 03:14:48.669689,bp,9,32.880001068115234,2,1,20,0,0
2022-02-05 03:20:33.696402,bp,9,32.880001068115234,1,1,20,0,0
2022-02-05 03:26:18.301396,bp,10,32.880001068115234,2,1,20,0,0
2022-02-05 03:32:03.958970,bp,10,32.880001068115234,2,1,20,0,0
2022-02-05 03:37:52.766879,bp,8,32.880001068115234,2,1,20,0,0
2022-02-05 03:43:40.805741,bp,8,32.880001068115234,1,0,20,0,0
2022-02-05 03:49:27.524818,bp,8,32.880001068115234,1,0,20,0,0
2022-02-05 03:55:12.548821,bp,9,32.880001068115234,1,0,20,0,0
2022-02-05 04:00:57.426750,bp,8,32.880001068115234,0,0,20,0,0
2022-02-05 04:06:45.368535,bp,11,32.880001068115234,0,1,20,0,0
2022-02-05 04:12:30.304914,bp,10,32.880001068115234,0,1,20,1,0
2022-02-05 04:18:16.038267,bp,9,32.880001068115234,0,1,20,1,0
2022-02-05 04:24:03.876388,bp,8,32.880001068115234,0,1,20,1,0
2022-02-05 04:29:47.868493,bp,9,32.880001068115234,0,1,20,1,0
2022-02-05 04:35:34.062030,bp,9,32.880001068115234,0,1,20,1,0
2022-02-05 04:41:19.029921,bp,7,32.880001068115234,1,1,20,1,0
2022-02-05 04:47:06.981254,bp,7,32.880001068115234,1,1,20,0,0
2022-02-05 04:52:51.852182,bp,7,32.880001068115234,1,1,20,0,0
2022-02-05 04:58:39.465088,bp,6,32.880001068115234,1,1,20,0,0
2022-02-05 05:04:24.791619,bp,8,32.880001068115234,1,1,20,0,0
2022-02-05 05:10:10.627235,bp,7,32.880001068115234,2,1,20,0,0
2022-02-05 05:15:55.979632,bp,8,32.880001068115234,2,1,20,0,0
2022-02-05 05:21:41.285176,bp,7,32.880001068115234,2,1,20,0,0
2022-02-05 05:27:28.205091,bp,7,32.880001068115234,2,1,20,0,0
2022-02-05 05:33:13.877951,bp,6,32.880001068115234,1,1,20,0,0
2022-02-05 05:38:59.619585,bp,7,32.880001068115234,1,1,20,0,0
2022-02-05 05:44:42.821145,bp,7,32.880001068115234,1,1,20,0,0
2022-02-05 05:50:28.738168,bp,7,32.880001068115234,1,1,20,0,0
2022-02-05 05:56:14.440469,bp,9,32.880001068115234,1,1,20,0,0
2022-02-05 06:01:58.537222,bp,9,32.880001068115234,1,2,20,0,0
2022-02-05 06:07:43.850461,bp,9,32.880001068115234,0,1,20,0,0
2022-02-05 06:13:31.596788,bp,9,32.880001068115234,0,1,20,0,0
2022-02-05 06:19:15.032825,bp,8,32.880001068115234,1,0,20,0,0
2022-02-05 06:25:00.412845,bp,7,32.880001068115234,1,0,20,0,0
2022-02-05 06:30:46.331668,bp,7,32.880001068115234,1,0,20,0,0
2022-02-05 06:36:32.226952,bp,7,32.880001068115234,1,0,20,0,0
2022-02-05 06:42:17.396521,bp,9,32.880001068115234,2,0,20,0,0
2022-02-05 06:48:04.315563,bp,8,32.880001068115234,2,0,20,0,0
2022-02-05 06:53:51.181829,bp,6,32.880001068115234,2,0,20,0,0
2022-02-05 06:59:36.322420,bp,7,32.880001068115234,3,0,20,0,0
2022-02-05 07:05:26.403412,bp,9,32.880001068115234,5,0,20,0,0
2022-02-05 07:11:11.250087,bp,11,32.880001068115234,5,0,20,0,0
2022-02-05 07:16:58.657236,bp,8,32.880001068115234,3,0,20,2,0
2022-02-05 07:22:44.246594,bp,7,32.880001068115234,2,0,20,2,0
2022-02-05 07:28:33.119519,bp,6,32.880001068115234,2,0,20,0,0
2022-02-05 07:34:17.257957,bp,8,32.880001068115234,2,1,20,0,0
2022-02-05 07:40:01.541535,bp,8,32.880001068115234,1,1,20,0,0
2022-02-05 07:45:49.338596,bp,8,32.880001068115234,1,1,20,0,0
2022-02-05 07:51:35.658510,bp,9,32.880001068115234,1,1,20,0,0
2022-02-05 07:57:24.258440,bp,10,32.880001068115234,1,1,20,0,0
2022-02-05 08:03:08.827296,bp,9,32.880001068115234,0,1,20,0,0
2022-02-05 08:08:57.530599,bp,10,32.880001068115234,1,1,20,0,0
2022-02-05 08:14:43.857744,bp,11,32.880001068115234,1,1,20,0,0
2022-02-05 08:20:32.293941,bp,12,32.880001068115234,1,1,20,0,0
2022-02-05 08:26:20.301417,bp,12,32.880001068115234,1,1,20,0,0
2022-02-05 08:32:07.016630,bp,8,32.880001068115234,1,0,20,0,0
2022-02-05 08:37:53.221056,bp,8,32.880001068115234,2,0,20,0,0
2022-02-05 08:43:46.012785,bp,10,32.880001068115234,3,1,20,0,0
2022-02-05 08:49:33.889606,bp,9,32.880001068115234,2,1,20,0,0
2022-02-05 08:55:24.185876,bp,11,32.880001068115234,2,1,20,0,0
2022-02-05 09:01:12.164858,bp,11,32.880001068115234,2,1,20,0,0
2022-02-05 09:07:00.207773,bp,13,32.880001068115234,2,1,20,0,0
2022-02-05 09:12:47.632713,bp,13,32.880001068115234,2,1,20,0,0
2022-02-05 09:18:35.845300,bp,9,32.880001068115234,1,1,20,0,0
2022-02-05 09:24:23.927376,bp,10,32.880001068115234,1,1,20,0,0
2022-02-05 09:30:09.585237,bp,10,32.880001068115234,1,1,20,0,0
2022-02-05 09:35:56.433228,bp,9,32.880001068115234,0,0,20,0,0
2022-02-05 09:41:43.315009,bp,8,32.880001068115234,0,0,20,0,0
2022-02-05 09:47:30.477805,bp,8,32.880001068115234,0,0,20,0,0
2022-02-05 09:53:15.300323,bp,5,32.880001068115234,0,0,20,0,0
2022-02-05 09:59:04.595945,bp,6,32.880001068115234,0,1,20,0,0
2022-02-05 10:04:51.679897,bp,2,32.880001068115234,0,1,20,1,0
2022-02-05 10:10:43.336752,bp,4,32.880001068115234,0,1,20,1,0
2022-02-05 10:16:32.541908,bp,3,32.880001068115234,0,1,20,0,0
2022-02-05 10:22:24.361423,bp,3,32.880001068115234,0,1,20,0,0
2022-02-05 10:28:13.291442,bp,3,32.880001068115234,0,1,20,0,0
2022-02-05 10:34:03.163155,bp,3,32.880001068115234,0,1,20,0,0
2022-02-05 10:39:50.719502,bp,5,32.880001068115234,0,1,20,0,0
2022-02-05 10:45:39.798278,bp,5,32.880001068115234,0,1,20,0,0
2022-02-05 10:51:28.316057,bp,5,32.880001068115234,0,1,20,0,0
2022-02-05 10:57:16.264476,bp,4,32.880001068115234,1,0,20,0,0
2022-02-05 11:03:04.381425,bp,7,32.880001068115234,1,0,20,0,0
2022-02-05 11:08:54.997096,bp,5,32.880001068115234,1,0,20,0,0
2022-02-05 11:14:44.481842,bp,7,32.880001068115234,2,0,20,0,0
2022-02-05 11:20:33.392780,bp,8,32.880001068115234,3,0,20,0,0
2022-02-05 11:26:21.154849,bp,6,32.880001068115234,3,0,20,0,0
2022-02-05 11:32:08.994280,bp,7,32.880001068115234,3,0,20,0,0
2022-02-05 11:37:55.996993,bp,7,32.880001068115234,3,0,20,0,0
2022-02-05 11:44:06.871099,bp,7,32.880001068115234,3,0,20,0,0
2022-02-05 11:49:52.843111,bp,7,32.880001068115234,3,0,20,0,0
2022-02-05 11:55:43.622080,bp,6,32.880001068115234,2,0,20,0,0
2022-02-05 12:01:29.250456,bp,6,32.880001068115234,2,0,20,0,0
2022-02-05 12:07:18.529453,bp,7,32.880001068115234,2,0,20,0,0
2022-02-05 12:13:04.990151,bp,5,32.880001068115234,1,0,20,0,0
2022-02-05 12:18:50.166362,bp,4,32.880001068115234,0,0,20,0,0
2022-02-05 12:24:37.652168,bp,6,32.880001068115234,0,0,20,2,0
2022-02-05 12:30:22.486225,bp,9,32.880001068115234,0,0,20,0,0
2022-02-05 12:36:08.255856,bp,10,32.880001068115234,0,0,20,2,0
2022-02-05 12:41:53.755666,bp,9,32.880001068115234,0,0,20,2,0
2022-02-05 12:49:09.263254,bp,8,32.880001068115234,0,0,20,2,0
2022-02-05 12:54:56.704071,bp,7,32.880001068115234,0,0,20,0,0
2022-02-05 13:00:44.301028,bp,10,32.880001068115234,0,1,20,0,1
2022-02-05 13:06:32.789282,bp,9,32.880001068115234,0,1,20,1,1
2022-02-05 13:12:20.388733,bp,8,32.880001068115234,0,1,20,1,0
2022-02-05 13:18:06.965026,bp,8,32.880001068115234,0,0,20,1,0
2022-02-05 13:23:53.849085,bp,6,32.880001068115234,0,0,20,2,0
2022-02-05 13:29:41.428543,bp,6,32.880001068115234,0,0,20,2,0
2022-02-05 13:35:27.775528,bp,6,32.880001068115234,0,0,20,2,0
2022-02-05 13:41:14.970878,bp,7,32.880001068115234,0,0,20,3,0
2022-02-05 13:47:01.818092,bp,9,32.880001068115234,1,0,20,2,0
2022-02-05 13:52:48.906817,bp,9,32.880001068115234,1,0,20,2,0
2022-02-05 13:58:36.093163,bp,8,32.880001068115234,1,0,20,2,0
2022-02-05 14:04:26.398633,bp,10,32.880001068115234,1,0,20,2,0
2022-02-05 14:10:12.055735,bp,11,32.880001068115234,2,0,20,2,0
2022-02-05 14:15:59.423577,bp,8,32.880001068115234,2,0,20,2,0
2022-02-05 14:21:45.756816,bp,7,32.880001068115234,1,0,20,1,0
2022-02-05 14:27:31.075246,bp,6,32.880001068115234,1,0,20,1,0
2022-02-05 14:33:18.985771,bp,5,32.880001068115234,1,0,20,0,0
2022-02-05 14:39:04.097634,bp,5,32.880001068115234,1,0,20,0,1
2022-02-05 14:44:50.387691,bp,4,32.880001068115234,0,0,20,0,0
2022-02-05 14:50:38.753290,bp,5,32.880001068115234,0,0,20,0,0
2022-02-05 14:56:25.880113,bp,5,32.880001068115234,0,0,20,0,0
2022-02-05 15:02:12.566135,bp,8,32.880001068115234,1,0,20,0,0
2022-02-05 15:08:00.371944,bp,8,32.880001068115234,0,0,20,0,0
2022-02-05 15:13:48.930753,bp,9,32.880001068115234,0,0,20,0,0
2022-02-05 15:19:38.164829,bp,8,32.880001068115234,0,0,20,0,0
2022-02-05 15:25:25.907510,bp,7,32.880001068115234,0,0,20,0,0
2022-02-05 15:31:15.915332,bp,10,32.880001068115234,0,1,20,0,0
2022-02-05 15:37:02.770475,bp,10,32.880001068115234,0,1,20,0,0
2022-02-05 15:42:48.468085,bp,11,32.880001068115234,0,1,20,0,0
2022-02-05 15:48:34.679208,bp,13,32.880001068115234,0,0,20,0,0
2022-02-05 15:54:25.354163,bp,12,32.880001068115234,0,0,20,0,0
2022-02-05 16:00:10.380753,bp,11,32.880001068115234,0,0,20,0,0
2022-02-05 16:05:58.815136,bp,12,32.880001068115234,0,0,20,0,0
2022-02-05 16:11:44.861232,bp,13,32.880001068115234,2,0,20,1,0
2022-02-05 16:17:33.589155,bp,10,32.880001068115234,0,0,20,1,0
2022-02-05 16:23:20.531898,bp,11,32.880001068115234,2,0,20,1,0
2022-02-05 16:29:05.219168,bp,10,32.880001068115234,2,0,20,1,0
2022-02-05 16:34:52.375793,bp,10,32.880001068115234,2,0,20,1,0
2022-02-05 16:40:39.534215,bp,8,32.880001068115234,2,0,20,1,0
2022-02-05 16:46:26.241834,bp,6,32.880001068115234,2,0,20,1,0
2022-02-05 16:52:14.182826,bp,6,32.880001068115234,2,0,20,1,0
2022-02-05 16:58:00.331619,bp,6,32.880001068115234,2,0,20,1,0
2022-02-05 17:03:47.092682,bp,9,32.880001068115234,2,1,20,1,0
2022-02-05 17:09:33.634548,bp,12,32.880001068115234,0,2,20,0,0
2022-02-05 17:15:20.744820,bp,11,32.880001068115234,0,2,20,0,0
2022-02-05 17:21:08.614984,bp,11,32.880001068115234,0,2,20,0,0
2022-02-05 17:26:55.155578,bp,10,32.880001068115234,0,2,20,0,0
2022-02-05 17:32:42.889756,bp,9,32.880001068115234,0,2,20,0,0
2022-02-05 17:38:29.826521,bp,12,32.880001068115234,0,2,20,0,0
2022-02-05 17:44:14.847844,bp,11,32.880001068115234,0,2,20,0,0
2022-02-05 17:50:03.963181,bp,11,32.880001068115234,0,2,20,0,0
2022-02-05 17:55:50.677623,bp,11,32.880001068115234,0,2,20,0,0
2022-02-05 18:01:36.291088,bp,6,32.880001068115234,0,0,20,0,0
2022-02-05 18:07:20.743134,bp,6,32.880001068115234,0,0,20,0,0
2022-02-05 18:13:06.685617,bp,5,32.880001068115234,0,0,20,0,0
2022-02-05 18:18:51.876670,bp,5,32.880001068115234,0,0,20,0,0
2022-02-05 18:24:40.234063,bp,5,32.880001068115234,0,0,20,0,0
2022-02-05 18:30:25.939697,bp,6,32.880001068115234,0,1,20,0,0
2022-02-05 18:36:10.228686,bp,5,32.880001068115234,0,1,20,0,0
2022-02-05 18:41:56.600116,bp,3,32.880001068115234,0,0,20,0,0
2022-02-05 18:47:42.442835,bp,3,32.880001068115234,0,0,20,0,0
2022-02-05 18:53:25.836537,bp,3,32.880001068115234,0,0,20,0,0
2022-02-05 18:59:09.561858,bp,2,32.880001068115234,0,0,20,0,0
2022-02-05 19:04:57.685613,bp,2,32.880001068115234,0,0,20,0,0
2022-02-05 19:10:42.062246,bp,4,32.880001068115234,0,0,20,0,0
2022-02-05 19:16:26.303768,bp,5,32.880001068115234,0,0,20,0,0
2022-02-05 19:22:11.640297,bp,6,32.880001068115234,0,0,20,0,0
2022-02-05 19:27:56.763677,bp,6,32.880001068115234,0,0,20,0,0
2022-02-05 19:33:42.710120,bp,7,32.880001068115234,0,0,20,0,0
2022-02-05 19:39:31.837394,bp,8,32.880001068115234,0,0,20,0,0
2022-02-05 19:45:20.539676,bp,8,32.880001068115234,0,0,20,0,0
2022-02-05 19:52:22.357245,bp,8,32.880001068115234,0,0,20,0,0
2022-02-05 19:59:00.614398,bp,8,32.880001068115234,0,0,20,0,0
2022-02-05 20:04:47.169443,bp,5,32.880001068115234,0,0,20,0,0
2022-02-05 20:10:33.360958,bp,6,32.880001068115234,1,0,20,0,0
2022-02-05 20:16:19.495254,bp,6,32.880001068115234,1,0,20,0,0
2022-02-05 20:22:48.165219,bp,6,32.880001068115234,1,0,20,0,0
2022-02-05 20:28:35.390395,bp,4,32.880001068115234,1,0,20,0,0
2022-02-05 20:34:20.894923,bp,4,32.880001068115234,1,0,20,0,0
2022-02-05 20:40:08.353476,bp,6,32.880001068115234,1,0,20,0,0
2022-02-05 20:45:54.753886,bp,5,32.880001068115234,1,0,20,0,0
2022-02-05 20:51:42.429636,bp,5,32.880001068115234,1,0,20,0,2
2022-02-05 20:57:28.685967,bp,4,32.880001068115234,1,0,20,0,0
2022-02-05 21:03:15.531670,bp,8,32.880001068115234,0,0,20,0,0
2022-02-05 21:09:00.985361,bp,10,32.880001068115234,0,0,20,0,0
2022-02-05 21:14:50.960704,bp,11,32.880001068115234,0,0,20,0,0
2022-02-05 21:20:36.384651,bp,10,32.880001068115234,0,0,20,0,0
2022-02-05 21:26:21.931774,bp,11,32.880001068115234,1,0,20,0,0
2022-02-05 21:32:06.814442,bp,9,32.880001068115234,1,0,20,0,0
2022-02-05 21:37:53.515938,bp,9,32.880001068115234,1,0,20,0,0
2022-02-05 21:43:38.587440,bp,8,32.880001068115234,1,0,20,0,0
2022-02-05 21:49:26.952342,bp,7,32.880001068115234,1,0,20,0,0
2022-02-05 21:55:15.427561,bp,8,32.880001068115234,1,0,20,0,0
2022-02-05 22:01:00.733648,bp,5,32.880001068115234,1,1,20,0,0
2022-02-05 22:06:48.207763,bp,9,32.880001068115234,4,4,20,0,0
2022-02-05 22:12:32.014680,bp,8,32.880001068115234,4,4,20,0,0
2022-02-05 22:18:19.500320,bp,12,32.880001068115234,5,5,20,0,0
2022-02-05 22:24:01.932954,bp,12,32.880001068115234,4,5,20,0,0
2022-02-05 22:29:50.124632,bp,13,32.880001068115234,5,5,20,0,0
2022-02-05 22:35:35.852268,bp,12,32.880001068115234,5,5,20,0,0
2022-02-05 22:41:21.805958,bp,13,32.880001068115234,6,5,20,0,0
2022-02-05 22:47:07.201038,bp,16,32.880001068115234,6,6,20,2,1
2022-02-05 22:52:54.405738,bp,14,32.880001068115234,4,4,20,0,0
2022-02-05 22:58:38.970018,bp,14,32.880001068115234,4,4,20,0,0
2022-02-05 23:04:22.585002,bp,12,32.880001068115234,4,2,20,0,1
2022-02-05 23:10:11.141645,bp,11,32.880001068115234,4,2,20,2,2
2022-02-05 23:15:57.260344,bp,11,32.880001068115234,3,1,20,0,0
2022-02-05 23:21:41.075864,bp,11,32.880001068115234,3,1,20,0,0
2022-02-05 23:27:28.213892,bp,10,32.880001068115234,2,1,20,0,0
2022-02-05 23:33:13.514038,bp,8,32.880001068115234,2,0,20,0,0
2022-02-05 23:38:58.938409,bp,6,32.880001068115234,1,0,20,0,0
2022-02-05 23:44:56.638965,bp,5,32.880001068115234,1,0,20,0,0
2022-02-05 23:50:41.800616,bp,5,32.880001068115234,1,0,20,0,0
2022-02-05 23:56:26.753634,bp,5,32.880001068115234,1,0,20,0,0
2022-02-06 00:02:10.537678,bp,4,32.880001068115234,1,0,20,0,0
2022-02-06 00:07:57.715050,bp,7,32.880001068115234,1,1,20,0,0
2022-02-06 00:13:43.309808,bp,9,32.880001068115234,1,1,20,0,0
2022-02-06 00:19:26.642494,bp,8,32.880001068115234,1,1,20,0,0
2022-02-06 00:25:13.077200,bp,9,32.880001068115234,1,2,20,0,0
2022-02-06 00:30:57.230604,bp,7,32.880001068115234,1,2,20,0,0
2022-02-06 00:36:41.484123,bp,7,32.880001068115234,1,2,20,0,0
2022-02-06 00:42:25.204744,bp,8,32.880001068115234,1,2,20,0,0
2022-02-06 00:48:11.687316,bp,7,32.880001068115234,1,2,20,0,0
2022-02-06 00:53:55.285727,bp,6,32.880001068115234,1,2,20,0,0
2022-02-06 00:59:39.550521,bp,7,32.880001068115234,1,2,20,0,0
2022-02-06 01:05:27.629813,bp,5,32.880001068115234,1,1,20,0,0
2022-02-06 01:11:13.889655,bp,4,32.880001068115234,1,1,20,0,0
2022-02-06 01:16:59.175145,bp,5,32.880001068115234,0,1,20,0,0
2022-02-06 01:22:41.500747,bp,5,32.880001068115234,0,0,20,0,0
2022-02-06 01:28:27.021070,bp,5,32.880001068115234,1,0,20,0,0
2022-02-06 01:34:10.711634,bp,4,32.880001068115234,1,0,20,0,0
2022-02-06 01:39:58.093227,bp,2,32.880001068115234,1,0,20,0,0
2022-02-06 01:45:42.079102,bp,3,32.880001068115234,1,0,20,0,0
2022-02-06 01:51:27.862154,bp,5,32.880001068115234,1,0,20,0,0
2022-02-06 01:57:11.695572,bp,6,32.880001068115234,1,0,20,0,0
2022-02-06 02:02:54.944060,bp,6,32.880001068115234,1,0,20,0,0
2022-02-06 02:08:40.904824,bp,6,32.880001068115234,1,0,20,0,0
2022-02-06 02:14:24.098831,bp,7,32.880001068115234,1,0,20,0,0
2022-02-06 02:20:11.583025,bp,5,32.880001068115234,1,0,20,0,0
2022-02-06 02:25:56.499469,bp,4,32.880001068115234,0,0,20,0,0
2022-02-06 02:31:39.010014,bp,4,32.880001068115234,0,0,20,0,0
2022-02-06 02:37:21.373213,bp,4,32.880001068115234,0,0,20,0,0
2022-02-06 02:43:06.149232,bp,6,32.880001068115234,0,0,20,0,0
2022-02-06 02:48:50.914435,bp,8,32.880001068115234,0,0,20,0,0
2022-02-06 02:54:35.232974,bp,6,32.880001068115234,0,0,20,0,0
2022-02-06 03:00:23.018737,bp,6,32.880001068115234,0,0,20,0,0
2022-02-06 03:06:07.053431,bp,7,32.880001068115234,0,0,20,0,0
2022-02-06 03:11:52.964164,bp,8,32.880001068115234,0,0,20,0,0
2022-02-06 03:17:39.871470,bp,8,32.880001068115234,0,0,20,0,0
2022-02-06 03:23:25.851179,bp,7,32.880001068115234,0,0,20,0,0
2022-02-06 03:29:08.291989,bp,6,32.880001068115234,0,0,20,0,0
2022-02-06 03:34:51.075763,bp,6,32.880001068115234,0,0,20,0,0
2022-02-06 03:40:37.232085,bp,6,32.880001068115234,0,0,20,0,0
2022-02-06 03:46:21.994799,bp,5,32.880001068115234,0,0,20,0,0
2022-02-06 03:52:05.812014,bp,5,32.880001068115234,0,0,20,0,0
2022-02-06 03:57:51.868185,bp,6,32.880001068115234,0,1,20,0,0
2022-02-06 04:03:34.353923,bp,6,32.880001068115234,0,1,20,2,0
2022-02-06 04:09:19.728195,bp,6,32.880001068115234,0,1,20,2,0
2022-02-06 04:15:07.845035,bp,9,32.880001068115234,0,1,20,2,0
2022-02-06 04:20:50.705268,bp,11,32.880001068115234,1,2,20,2,0
2022-02-06 04:26:35.530960,bp,12,32.880001068115234,0,1,20,2,0
2022-02-06 04:32:20.279845,bp,8,32.880001068115234,0,1,20,2,0
2022-02-06 04:38:04.154484,bp,7,32.880001068115234,0,1,20,0,0
2022-02-06 04:43:50.305744,bp,8,32.880001068115234,0,1,20,0,0
2022-02-06 04:49:35.908362,bp,8,32.880001068115234,0,1,20,0,0
2022-02-06 04:55:23.688002,bp,8,32.880001068115234,0,0,20,0,0
2022-02-06 05:01:08.046721,bp,8,32.880001068115234,0,0,20,0,0
2022-02-06 05:06:56.219499,bp,9,32.880001068115234,0,1,20,0,0
2022-02-06 05:12:40.888427,bp,10,32.880001068115234,0,1,20,0,0
2022-02-06 05:18:27.705435,bp,10,32.880001068115234,1,1,20,0,0
2022-02-06 05:24:13.664840,bp,9,32.880001068115234,1,1,20,0,0
2022-02-06 05:29:59.148227,bp,9,32.880001068115234,1,1,20,0,0
2022-02-06 05:35:47.968120,bp,10,32.880001068115234,3,1,20,0,0
2022-02-06 05:41:33.636827,bp,9,32.880001068115234,3,0,20,0,0
2022-02-06 05:47:20.528117,bp,7,32.880001068115234,3,0,20,0,0
2022-02-06 05:53:07.713450,bp,6,32.880001068115234,3,0,20,0,0
2022-02-06 05:58:51.438797,bp,6,32.880001068115234,4,0,20,0,0
2022-02-06 06:04:36.386847,bp,9,32.880001068115234,4,1,20,0,0
2022-02-06 06:10:23.160959,bp,5,32.880001068115234,4,0,20,0,0
2022-02-06 06:16:09.001850,bp,6,32.880001068115234,4,2,20,1,0
2022-02-06 06:21:54.805857,bp,5,32.880001068115234,3,2,20,2,0
2022-02-06 06:27:41.128603,bp,5,32.880001068115234,3,2,20,0,0
2022-02-06 06:33:26.387511,bp,6,32.880001068115234,4,2,20,0,0
2022-02-06 06:39:13.841637,bp,7,32.880001068115234,2,2,20,0,0
2022-02-06 06:44:59.486472,bp,6,32.880001068115234,2,2,20,0,0
2022-02-06 06:50:48.185059,bp,9,32.880001068115234,3,3,20,0,0
2022-02-06 06:56:33.965395,bp,9,32.880001068115234,2,3,20,0,0
2022-02-06 07:02:19.497666,bp,8,32.880001068115234,2,3,20,0,0
2022-02-06 07:08:05.176367,bp,13,32.880001068115234,2,4,20,0,0
2022-02-06 07:13:51.188983,bp,12,32.880001068115234,2,4,20,0,0
2022-02-06 07:19:36.437980,bp,14,32.880001068115234,2,4,20,0,0
2022-02-06 07:25:25.106239,bp,17,32.880001068115234,2,4,20,0,0
2022-02-06 07:31:11.348046,bp,14,32.880001068115234,1,4,20,0,0
2022-02-06 07:37:00.864207,bp,12,32.880001068115234,1,6,20,0,0
2022-02-06 07:42:46.328894,bp,12,32.880001068115234,1,6,20,0,0
2022-02-06 07:48:35.346389,bp,11,32.880001068115234,0,5,20,1,0
2022-02-06 07:54:23.559303,bp,11,32.880001068115234,0,6,20,1,0
2022-02-06 08:00:11.203985,bp,10,32.880001068115234,0,6,20,1,0
2022-02-06 08:06:00.853444,bp,7,32.880001068115234,0,4,20,1,0
2022-02-06 08:11:48.052210,bp,9,32.880001068115234,1,2,20,1,0
2022-02-06 08:17:35.708125,bp,6,32.880001068115234,1,1,20,2,0
2022-02-06 08:23:25.004212,bp,6,32.880001068115234,1,1,20,1,0
2022-02-06 08:29:12.752107,bp,6,32.880001068115234,1,1,20,2,0
2022-02-06 08:34:59.820581,bp,5,32.880001068115234,1,0,20,0,0
2022-02-06 08:40:47.119592,bp,5,32.880001068115234,1,0,20,0,0
2022-02-06 08:46:32.320285,bp,4,32.880001068115234,1,0,20,0,0
2022-02-06 08:52:18.619603,bp,5,32.880001068115234,1,0,20,0,0
2022-02-06 08:58:08.122119,bp,5,32.880001068115234,1,0,20,0,0
2022-02-06 09:03:53.558498,bp,8,32.880001068115234,0,0,20,0,0
2022-02-06 09:09:43.233450,bp,9,32.880001068115234,1,0,20,0,0
2022-02-06 09:15:34.265775,bp,10,32.880001068115234,2,0,20,0,0
2022-02-06 09:21:23.438577,bp,9,32.880001068115234,2,0,20,2,0
2022-02-06 09:27:08.898533,bp,9,32.880001068115234,2,0,20,2,0
2022-02-06 09:32:55.482467,bp,9,32.880001068115234,2,0,20,0,0
2022-02-06 09:38:41.842904,bp,11,32.880001068115234,1,0,20,0,0
2022-02-06 09:44:29.129944,bp,14,32.880001068115234,2,0,20,0,0
2022-02-06 09:50:13.270646,bp,13,32.880001068115234,2,0,20,0,0
2022-02-06 09:56:00.871561,bp,10,32.880001068115234,1,0,20,0,0
2022-02-06 10:01:47.014986,bp,7,32.880001068115234,0,0,20,2,0
2022-02-06 10:07:36.638236,bp,6,32.880001068115234,0,0,20,2,0
2022-02-06 10:13:25.822787,bp,5,32.880001068115234,0,1,20,2,0
2022-02-06 10:19:14.271130,bp,5,32.880001068115234,0,1,20,2,0
2022-02-06 10:25:00.424416,bp,6,32.880001068115234,0,1,20,2,0
2022-02-06 10:30:49.362528,bp,5,32.880001068115234,0,1,20,0,0
2022-02-06 10:36:36.690272,bp,4,32.880001068115234,0,1,20,0,0
2022-02-06 10:42:22.784253,bp,5,32.880001068115234,0,1,20,0,0
2022-02-06 10:48:10.138386,bp,4,32.880001068115234,0,1,20,0,0
2022-02-06 10:53:54.380755,bp,3,32.880001068115234,0,1,20,0,0
2022-02-06 10:59:39.250560,bp,4,32.880001068115234,1,0,20,0,0
2022-02-06 11:05:26.158869,bp,7,32.880001068115234,1,1,20,0,0
2022-02-06 11:11:16.783677,bp,7,32.880001068115234,2,0,20,0,0
2022-02-06 11:17:03.567394,bp,8,32.880001068115234,2,0,20,0,0
2022-02-06 11:22:50.246972,bp,9,32.880001068115234,3,0,20,0,0
2022-02-06 11:28:38.250990,bp,9,32.880001068115234,3,0,20,0,0
2022-02-06 11:34:24.100009,bp,9,32.880001068115234,3,0,20,0,1
2022-02-06 11:40:11.031839,bp,10,32.880001068115234,3,0,20,0,0
2022-02-06 11:46:00.324241,bp,8,32.880001068115234,3,0,20,0,0
2022-02-06 11:51:47.791041,bp,10,32.880001068115234,3,0,20,0,0
2022-02-06 11:57:32.716962,bp,10,32.880001068115234,3,0,20,0,0
2022-02-06 12:03:18.368548,bp,11,32.880001068115234,3,0,20,0,0
2022-02-06 12:09:03.723119,bp,10,32.880001068115234,2,0,20,0,0
2022-02-06 12:14:49.899567,bp,10,32.880001068115234,3,0,20,0,0
2022-02-06 12:20:37.563626,bp,8,32.880001068115234,1,0,20,0,0
2022-02-06 12:26:23.501670,bp,7,32.880001068115234,1,0,20,0,0
2022-02-06 12:32:09.554951,bp,7,32.880001068115234,1,0,20,0,0
2022-02-06 12:37:58.541474,bp,8,32.880001068115234,1,0,20,0,0
2022-02-06 12:43:46.087645,bp,8,32.880001068115234,1,0,20,0,0
2022-02-06 12:49:33.079840,bp,8,32.880001068115234,1,0,20,0,0
2022-02-06 12:55:22.745539,bp,8,32.880001068115234,1,0,20,0,0
2022-02-06 13:01:13.395674,bp,14,32.880001068115234,2,0,20,0,0
2022-02-06 13:07:04.853238,bp,12,32.880001068115234,2,0,20,0,0
2022-02-06 13:12:54.217552,bp,12,32.880001068115234,2,0,20,0,0
2022-02-06 13:18:41.700554,bp,13,32.880001068115234,2,0,20,0,0
2022-02-06 13:24:28.443857,bp,13,32.880001068115234,2,0,20,0,0
2022-02-06 13:30:14.137181,bp,13,32.880001068115234,2,0,20,1,0
2022-02-06 13:36:01.706204,bp,13,32.880001068115234,2,0,20,1,0
2022-02-06 13:41:49.928014,bp,9,32.880001068115234,1,0,20,1,0
2022-02-06 13:47:38.698152,bp,10,32.880001068115234,1,0,20,1,0
2022-02-06 13:53:25.427338,bp,11,32.880001068115234,1,0,20,1,0
2022-02-06 13:59:14.096682,bp,10,32.880001068115234,0,0,20,1,0
2022-02-06 14:05:01.561478,bp,9,32.880001068115234,0,0,20,1,0
2022-02-06 14:10:48.447568,bp,8,32.880001068115234,0,0,20,1,0
2022-02-06 14:16:35.938228,bp,8,32.880001068115234,0,0,20,1,0
2022-02-06 14:22:20.183117,bp,7,32.880001068115234,0,0,20,1,0
2022-02-06 14:28:06.674811,bp,8,32.880001068115234,0,0,20,0,0
2022-02-06 14:33:53.202978,bp,7,32.880001068115234,0,0,20,0,0
2022-02-06 14:39:39.319066,bp,6,32.880001068115234,0,0,21,0,0
2022-02-06 14:45:26.883675,bp,7,32.880001068115234,0,0,20,0,0
2022-02-06 14:51:16.950055,bp,5,32.880001068115234,0,0,20,0,0
2022-02-06 14:57:05.068918,bp,4,32.880001068115234,0,0,20,0,0
2022-02-06 15:02:50.583820,bp,6,32.880001068115234,0,1,20,0,0
2022-02-06 15:08:37.446777,bp,7,32.880001068115234,0,1,20,0,0
2022-02-06 15:14:23.161936,bp,7,32.880001068115234,0,0,20,0,0
2022-02-06 15:20:07.823502,bp,7,32.880001068115234,0,0,20,0,0
2022-02-06 15:25:55.451012,bp,8,32.880001068115234,0,0,20,0,0
2022-02-06 15:31:43.114841,bp,9,32.880001068115234,1,1,20,0,0
2022-02-06 15:37:28.672795,bp,13,32.880001068115234,1,1,20,0,0
2022-02-06 15:43:17.915049,bp,12,32.880001068115234,1,1,20,0,0
2022-02-06 15:49:09.621327,bp,13,32.880001068115234,0,1,20,0,0
2022-02-06 15:54:57.537223,bp,11,32.880001068115234,0,1,20,0,0
2022-02-06 16:00:44.472427,bp,15,32.880001068115234,0,3,20,0,0
2022-02-06 16:06:33.486868,bp,13,32.880001068115234,0,3,20,0,0
2022-02-06 16:12:20.640728,bp,13,32.880001068115234,0,4,20,0,0
2022-02-06 16:18:07.799393,bp,14,32.880001068115234,0,4,20,0,0
2022-02-06 16:23:54.798244,bp,13,32.880001068115234,0,4,20,0,0
2022-02-06 16:29:40.577086,bp,12,32.880001068115234,0,3,20,0,0
2022-02-06 16:35:26.067502,bp,8,32.880001068115234,0,3,20,0,0
2022-02-06 16:41:13.199115,bp,6,32.880001068115234,0,3,20,0,0
2022-02-06 16:46:59.320157,bp,6,32.880001068115234,0,3,20,0,0
2022-02-06 16:52:44.777410,bp,10,32.880001068115234,1,3,20,0,0
2022-02-06 16:58:28.366770,bp,9,32.880001068115234,1,1,20,0,0
2022-02-06 17:04:15.296769,bp,8,32.880001068115234,1,0,20,0,0
2022-02-06 17:09:59.144497,bp,12,32.880001068115234,1,0,20,0,0
2022-02-06 17:15:45.896290,bp,14,32.880001068115234,1,0,20,0,0
2022-02-06 17:21:36.053376,bp,15,32.880001068115234,1,0,20,0,0
2022-02-06 17:27:22.616533,bp,14,32.880001068115234,1,0,20,0,0
2022-02-06 17:33:08.947662,bp,15,32.880001068115234,1,0,20,0,0
2022-02-06 17:38:53.900514,bp,16,32.880001068115234,1,1,20,0,0
2022-02-06 17:44:39.940328,bp,16,32.880001068115234,1,1,20,0,0
2022-02-06 17:50:25.917673,bp,12,32.880001068115234,1,1,20,0,0
2022-02-06 17:56:15.166257,bp,12,32.880001068115234,1,1,20,0,0
2022-02-06 18:02:00.592017,bp,11,32.880001068115234,1,1,20,0,0
2022-02-06 18:07:49.092518,bp,9,32.880001068115234,1,1,20,0,0
2022-02-06 18:13:37.951883,bp,10,32.880001068115234,1,1,20,0,0
2022-02-06 18:19:24.249570,bp,14,32.880001068115234,2,2,20,0,0
2022-02-06 18:25:11.619480,bp,14,32.880001068115234,3,3,20,0,0
2022-02-06 18:30:59.779928,bp,15,32.880001068115234,3,3,20,0,0
2022-02-06 18:36:47.143669,bp,14,32.880001068115234,3,2,20,0,0
2022-02-06 18:42:33.938895,bp,16,32.880001068115234,3,2,20,0,0
2022-02-06 18:48:18.467673,bp,15,32.880001068115234,2,2,20,0,0
2022-02-06 18:54:06.339265,bp,14,32.880001068115234,2,2,20,0,0
2022-02-06 18:59:51.892126,bp,15,32.880001068115234,3,3,20,0,0
2022-02-06 19:05:39.007347,bp,17,32.880001068115234,3,4,20,0,0
2022-02-06 19:11:27.931590,bp,15,32.880001068115234,3,4,20,0,0
2022-02-06 19:17:16.676328,bp,10,32.880001068115234,1,1,20,0,0
2022-02-06 19:23:03.437752,bp,9,32.880001068115234,0,1,20,0,0
2022-02-06 19:28:51.620291,bp,8,32.880001068115234,0,1,20,0,0
2022-02-06 19:34:38.528260,bp,8,32.880001068115234,0,1,20,0,0
2022-02-06 19:40:24.909815,bp,7,32.880001068115234,0,1,20,0,0
2022-02-06 19:46:12.991113,bp,7,32.880001068115234,0,1,20,0,0
2022-02-06 19:51:58.328672,bp,8,32.880001068115234,0,1,20,0,0
2022-02-06 19:57:43.818813,bp,5,32.880001068115234,0,1,20,0,0
2022-02-06 20:03:31.157101,bp,4,32.880001068115234,0,0,20,0,0
2022-02-06 20:09:20.317901,bp,6,32.880001068115234,1,0,20,0,1
2022-02-06 20:15:07.247892,bp,6,32.880001068115234,1,0,20,0,1
2022-02-06 20:20:52.119184,bp,5,32.880001068115234,1,0,20,0,1
2022-02-06 20:26:40.103829,bp,5,32.880001068115234,1,0,20,0,0
2022-02-06 20:32:25.085881,bp,4,32.880001068115234,1,0,20,0,0
2022-02-06 20:38:11.256521,bp,4,32.880001068115234,1,0,20,0,0
2022-02-06 20:43:59.614886,bp,4,32.880001068115234,1,0,20,0,0
2022-02-06 20:49:45.615985,bp,5,32.880001068115234,1,0,20,0,0
2022-02-06 20:55:33.892085,bp,6,32.880001068115234,1,0,20,0,0
2022-02-06 21:01:22.332034,bp,10,32.880001068115234,1,0,20,0,0
2022-02-06 21:07:10.892257,bp,8,32.880001068115234,0,1,20,0,0
2022-02-06 21:12:59.119926,bp,8,32.880001068115234,0,1,20,0,0
2022-02-06 21:18:45.441676,bp,8,32.880001068115234,0,1,20,0,0
2022-02-06 21:24:32.889482,bp,9,32.880001068115234,0,1,20,0,0
2022-02-06 21:30:18.857487,bp,9,32.880001068115234,1,1,20,0,0
2022-02-06 21:36:02.789275,bp,11,32.880001068115234,2,1,20,0,0
2022-02-06 21:41:53.311361,bp,8,32.880001068115234,2,1,20,0,0
2022-02-06 21:47:43.565644,bp,7,32.880001068115234,2,1,20,0,0
2022-02-06 21:53:28.552603,bp,10,32.880001068115234,5,1,20,0,0
2022-02-06 22:00:30.332798,bp,14,32.880001068115234,7,1,20,0,0
2022-02-06 22:06:25.994192,bp,17,32.880001068115234,9,0,20,0,0
2022-02-06 22:13:26.273148,bp,17,32.880001068115234,9,0,20,0,0
2022-02-06 22:19:14.082661,bp,16,32.880001068115234,10,0,20,0,0
2022-02-06 22:25:00.800300,bp,14,32.880001068115234,9,0,20,0,0
2022-02-06 22:30:47.858745,bp,17,32.880001068115234,10,0,20,0,0
2022-02-06 22:36:37.157174,bp,13,32.880001068115234,8,0,20,0,0
2022-02-06 22:42:26.009603,bp,13,32.880001068115234,8,0,20,0,0
2022-02-06 22:48:38.872221,bp,14,32.880001068115234,6,0,20,0,0
2022-02-06 22:54:24.932394,bp,13,32.880001068115234,6,0,20,0,0
2022-02-06 23:00:11.027428,bp,11,32.880001068115234,4,0,20,0,0
2022-02-06 23:06:39.914446,bp,14,32.880001068115234,5,0,20,0,0
2022-02-06 23:12:25.198076,bp,17,32.880001068115234,6,0,20,0,0
2022-02-06 23:18:10.690346,bp,16,32.880001068115234,7,0,20,2,0
2022-02-06 23:23:57.751285,bp,17,32.880001068115234,5,0,20,2,0
2022-02-06 23:29:44.081870,bp,16,32.880001068115234,4,0,20,2,0
2022-02-06 23:35:31.040775,bp,18,32.880001068115234,4,0,20,2,0
2022-02-06 23:41:17.929771,bp,17,32.880001068115234,5,0,20,2,0
2022-02-06 23:47:08.418943,bp,16,32.880001068115234,5,1,20,0,0
2022-02-06 23:53:27.662511,bp,17,32.880001068115234,5,1,20,2,0
2022-02-06 23:59:13.392152,bp,16,32.880001068115234,5,2,20,2,0
2022-02-07 00:04:59.376420,bp,22,32.880001068115234,6,2,20,0,0
2022-02-07 00:10:45.422239,bp,18,32.880001068115234,4,2,20,0,0
2022-02-07 00:16:34.560098,bp,17,32.880001068115234,4,2,20,0,0
2022-02-07 00:22:19.913358,bp,13,32.880001068115234,1,1,20,0,0
2022-02-07 00:28:05.504942,bp,15,32.880001068115234,2,1,20,0,0
2022-02-07 00:33:53.023994,bp,14,32.880001068115234,2,1,20,0,0
2022-02-07 00:39:37.120647,bp,15,32.880001068115234,5,2,20,0,0
2022-02-07 00:45:24.057307,bp,16,32.880001068115234,5,1,20,0,0
2022-02-07 00:51:07.443695,bp,16,32.880001068115234,4,1,20,0,0
2022-02-07 00:56:54.515838,bp,15,32.880001068115234,4,1,20,0,0
2022-02-07 01:02:40.324955,bp,21,32.880001068115234,3,2,20,0,0
2022-02-07 01:08:28.108964,bp,21,32.880001068115234,3,2,20,0,0
2022-02-07 01:14:16.081909,bp,20,32.880001068115234,3,2,20,0,0
2022-02-07 01:20:02.452622,bp,19,32.880001068115234,2,2,20,0,0
2022-02-07 01:25:47.167908,bp,17,32.880001068115234,2,2,20,0,0
2022-02-07 01:31:38.171598,bp,15,32.880001068115234,3,1,20,0,0
2022-02-07 01:37:23.892793,bp,14,32.880001068115234,2,1,20,0,0
2022-02-07 01:43:10.603000,bp,13,32.880001068115234,1,1,20,0,0
2022-02-07 01:48:57.549294,bp,14,32.880001068115234,1,1,20,0,0
2022-02-07 01:54:45.455659,bp,13,32.880001068115234,1,1,20,0,0
2022-02-07 02:00:31.288504,bp,14,32.880001068115234,1,0,20,0,2
2022-02-07 02:06:18.291968,bp,15,32.880001068115234,2,0,20,0,0
2022-02-07 02:12:05.297301,bp,14,32.880001068115234,2,0,20,0,2
2022-02-07 02:17:52.729336,bp,18,32.880001068115234,3,0,20,0,0
2022-02-07 02:23:37.438452,bp,16,32.880001068115234,5,0,20,0,2
2022-02-07 02:29:26.082626,bp,17,32.880001068115234,3,0,20,0,2
2022-02-07 02:35:14.487595,bp,18,32.880001068115234,2,0,20,0,2
2022-02-07 02:41:01.176929,bp,18,32.880001068115234,3,0,20,0,2
2022-02-07 02:46:49.912465,bp,22,32.880001068115234,3,2,20,0,2
2022-02-07 02:52:36.822448,bp,19,32.880001068115234,2,1,20,0,2
2022-02-07 02:58:22.109350,bp,21,32.880001068115234,2,1,20,0,2
2022-02-07 03:04:08.803317,bp,25,32.880001068115234,5,2,20,0,0
2022-02-07 03:09:59.764360,bp,25,32.880001068115234,5,1,20,0,0
2022-02-07 03:15:46.113477,bp,23,32.880001068115234,5,1,20,0,0
2022-02-07 03:21:33.872434,bp,23,32.880001068115234,6,1,20,0,0
2022-02-07 03:27:19.015706,bp,21,32.880001068115234,5,1,20,0,0
2022-02-07 03:33:05.172483,bp,18,32.880001068115234,5,1,20,0,0
2022-02-07 03:38:53.305551,bp,16,32.880001068115234,5,1,20,0,0
2022-02-07 03:44:38.953408,bp,16,32.880001068115234,5,1,20,0,0
2022-02-07 03:50:27.155881,bp,16,32.880001068115234,4,0,20,0,0
2022-02-07 03:56:14.243118,bp,14,32.880001068115234,3,0,20,0,0
2022-02-07 04:02:01.941620,bp,17,32.880001068115234,4,0,20,0,0
2022-02-07 04:07:51.314503,bp,18,32.880001068115234,2,0,20,0,0
2022-02-07 04:13:39.633757,bp,17,32.880001068115234,1,0,20,0,0
2022-02-07 04:19:26.500493,bp,20,32.880001068115234,1,1,20,0,0
2022-02-07 04:25:13.623148,bp,18,32.880001068115234,0,1,20,0,0
2022-02-07 04:31:01.457190,bp,18,32.880001068115234,1,2,20,0,0
2022-02-07 04:36:53.429583,bp,17,32.880001068115234,2,2,20,0,0
2022-02-07 04:42:41.590777,bp,18,32.880001068115234,2,2,20,0,0
2022-02-07 04:48:29.050909,bp,17,32.880001068115234,2,2,20,0,0
2022-02-07 04:54:17.859660,bp,18,32.880001068115234,2,2,20,0,0
2022-02-07 05:00:05.089266,bp,26,32.880001068115234,2,4,20,0,1
2022-02-07 05:05:54.024188,bp,29,32.880001068115234,3,4,20,0,1
2022-02-07 05:11:45.415440,bp,30,32.880001068115234,3,4,20,0,1
2022-02-07 05:17:32.562632,bp,26,32.880001068115234,4,4,20,0,0
2022-02-07 05:23:22.747817,bp,27,32.880001068115234,4,3,20,0,1
2022-02-07 05:29:11.732758,bp,23,32.880001068115234,3,1,20,0,2
2022-02-07 05:34:59.420185,bp,19,32.880001068115234,2,1,20,0,2
2022-02-07 05:40:49.287866,bp,16,32.880001068115234,2,1,20,0,1
2022-02-07 05:46:47.204893,bp,17,32.880001068115234,2,1,20,0,0
2022-02-07 05:52:42.343275,bp,18,32.880001068115234,2,1,20,0,0
2022-02-07 05:58:31.511804,bp,16,32.880001068115234,2,0,20,0,1
2022-02-07 06:04:20.790489,bp,16,32.880001068115234,1,1,20,0,1
2022-02-07 06:10:09.644249,bp,14,32.880001068115234,1,0,20,0,1
2022-02-07 06:15:59.762474,bp,20,32.880001068115234,4,0,20,0,1
2022-02-07 06:21:52.752016,bp,21,32.880001068115234,4,2,20,0,1
2022-02-07 06:27:41.457819,bp,22,32.880001068115234,4,2,20,1,1
2022-02-07 06:33:29.360450,bp,23,32.880001068115234,4,2,20,1,1
2022-02-07 06:39:20.356169,bp,21,32.880001068115234,4,2,20,0,1
2022-02-07 06:45:09.336883,bp,22,32.880001068115234,4,2,20,1,1
2022-02-07 06:50:58.541487,bp,24,32.880001068115234,4,2,20,1,1
2022-02-07 06:56:52.525844,bp,25,32.880001068115234,4,3,20,1,1
2022-02-07 07:02:43.031531,bp,27,32.880001068115234,7,3,20,1,0
2022-02-07 07:08:32.384218,bp,23,32.880001068115234,7,3,20,1,0
2022-02-07 07:14:22.351704,bp,18,32.880001068115234,3,4,20,1,0
2022-02-07 07:20:09.367184,bp,17,32.880001068115234,2,2,20,1,0
2022-02-07 07:25:59.632393,bp,18,32.880001068115234,2,2,20,0,0
2022-02-07 07:31:48.878383,bp,18,32.66999816894531,1,2,20,0,0
2022-02-07 07:37:37.785170,bp,16,32.59000015258789,1,2,20,0,0
2022-02-07 07:43:28.934012,bp,16,32.70000076293945,1,2,20,0,0
2022-02-07 07:49:16.348417,bp,15,32.71500015258789,1,2,20,0,0
2022-02-07 07:55:03.243245,bp,14,32.849998474121094,0,1,20,0,0
2022-02-07 08:00:51.458139,bp,16,32.93000030517578,1,0,20,0,0
2022-02-07 08:06:38.993135,bp,12,32.994998931884766,1,0,20,0,0
2022-02-07 08:12:30.084430,bp,14,32.95000076293945,0,0,20,1,0
2022-02-07 08:18:20.776564,bp,13,33.025001525878906,0,0,20,1,0
2022-02-07 08:24:10.079130,bp,16,33.125,1,0,20,1,0
2022-02-07 08:29:56.381391,bp,16,33.04499816894531,1,0,20,1,0
2022-02-07 08:35:48.602338,bp,16,33.095001220703125,1,0,20,1,0
2022-02-07 08:41:38.179879,bp,17,33.04499816894531,1,0,20,1,1
2022-02-07 08:47:32.279939,bp,15,33.119998931884766,1,0,20,1,1
2022-02-07 08:53:19.424176,bp,16,33.09590148925781,1,1,20,1,1
2022-02-07 08:59:07.146828,bp,17,33.16999816894531,1,1,20,1,0
2022-02-07 09:05:00.635482,bp,23,33.125,1,1,20,1,1
2022-02-07 09:10:49.294625,bp,22,33.154998779296875,1,1,20,0,0
2022-02-07 09:16:39.408604,bp,18,33.16999816894531,1,1,20,0,0
2022-02-07 09:22:30.254530,bp,12,33.18000030517578,0,1,20,0,0
2022-02-07 09:28:21.258715,bp,16,33.1775016784668,1,1,20,0,0
2022-02-07 09:35:25.041010,bp,13,33.154998779296875,1,1,20,0,0
2022-02-07 09:41:13.060608,bp,13,33.16999816894531,1,1,20,0,0
2022-02-07 09:48:17.988377,bp,10,33.18000030517578,1,1,20,0,0
2022-02-07 09:54:06.387688,bp,8,33.224998474121094,1,0,20,0,0
2022-02-07 09:59:55.821068,bp,17,33.29499816894531,5,0,20,0,0
2022-02-07 10:05:44.712715,bp,19,33.22999954223633,5,0,20,0,0
2022-02-07 10:11:32.280854,bp,20,33.06010055541992,3,0,20,0,0
2022-02-07 10:17:22.594134,bp,21,33.11399841308594,2,1,20,0,0
2022-02-07 10:23:09.656915,bp,21,33.14500045776367,2,1,20,0,0
2022-02-07 10:28:56.187877,bp,26,33.14500045776367,2,1,20,0,0
2022-02-07 10:34:45.396911,bp,26,33.20000076293945,3,1,20,0,0
2022-02-07 10:40:33.545948,bp,24,33.170101165771484,2,1,20,0,0
2022-02-07 10:46:24.004453,bp,28,33.19499969482422,4,1,20,0,0
2022-02-07 10:52:13.809312,bp,24,33.154998779296875,4,1,20,0,0
2022-02-07 10:58:04.523540,bp,27,33.18000030517578,4,2,20,0,0
2022-02-07 11:03:54.608465,bp,30,33.21369934082031,6,2,20,0,0
2022-02-07 11:09:41.807072,bp,31,33.20000076293945,5,1,20,0,0
2022-02-07 11:15:30.795498,bp,28,33.22999954223633,5,1,20,0,0
2022-02-07 11:21:21.841375,bp,27,33.25,4,2,20,0,0
2022-02-07 11:27:12.338602,bp,21,33.2400016784668,2,2,20,0,0
2022-02-07 11:33:04.001490,bp,21,33.224998474121094,2,2,20,0,0
2022-02-07 11:38:50.638940,bp,17,33.23310089111328,2,2,20,0,0
2022-02-07 11:44:38.986485,bp,15,33.26390075683594,1,2,20,0,0
2022-02-07 11:50:30.452207,bp,16,33.269901275634766,1,2,20,1,0
2022-02-07 11:56:19.676301,bp,18,33.29999923706055,1,2,20,1,0
2022-02-07 12:02:10.732974,bp,24,33.32500076293945,1,3,20,0,0
2022-02-07 12:08:00.831087,bp,27,33.33399963378906,1,2,20,0,0
2022-02-07 12:13:49.256249,bp,21,33.36989974975586,1,2,20,0,0
2022-02-07 12:19:39.961091,bp,17,33.35499954223633,1,0,20,0,0
2022-02-07 12:25:26.537581,bp,15,33.375,1,0,20,0,0
2022-02-07 12:31:13.560684,bp,14,33.375,1,0,20,0,0
2022-02-07 12:36:59.712457,bp,13,33.3650016784668,2,0,20,0,0
2022-02-07 12:42:48.973546,bp,9,33.39500045776367,2,0,20,0,0
2022-02-07 12:48:36.726709,bp,9,33.39500045776367,2,0,20,0,0
2022-02-07 12:54:25.729258,bp,9,33.41939926147461,3,0,20,0,0
2022-02-07 13:00:13.341636,bp,27,33.435001373291016,7,0,20,0,0
2022-02-07 13:06:01.862154,bp,27,33.44499969482422,5,1,20,1,0
2022-02-07 13:11:51.063775,bp,22,33.444801330566406,6,1,20,1,0
2022-02-07 13:17:42.292486,bp,23,33.485801696777344,6,1,20,1,0
2022-02-07 13:23:33.306568,bp,20,33.57500076293945,6,1,20,1,0
2022-02-07 13:29:20.902699,bp,17,33.54999923706055,3,1,21,1,0
2022-02-07 13:35:07.900263,bp,16,33.494998931884766,2,1,20,1,0
2022-02-07 13:41:00.414232,bp,16,33.45800018310547,3,1,20,1,0
2022-02-07 13:46:51.551571,bp,12,33.39500045776367,3,1,20,1,0
2022-02-07 13:52:40.012458,bp,10,33.31999969482422,1,1,20,1,0
2022-02-07 13:58:30.015283,bp,10,33.34000015258789,1,1,20,1,0
2022-02-07 14:04:18.315717,bp,12,33.36000061035156,1,0,20,1,0
2022-02-07 14:10:19.146765,bp,10,33.36000061035156,1,0,20,0,0
2022-02-07 14:16:05.546942,bp,10,33.34000015258789,1,0,20,0,0
2022-02-07 14:21:53.058405,bp,12,33.34000015258789,2,0,20,0,0
2022-02-07 14:27:44.349033,bp,12,33.34000015258789,2,0,20,1,0
2022-02-07 14:33:42.008750,bp,13,33.34000015258789,1,0,20,1,0
2022-02-07 14:39:29.588136,bp,13,33.34000015258789,1,0,20,1,0
2022-02-07 14:45:22.420876,bp,13,33.34000015258789,1,0,20,0,0
2022-02-07 14:51:14.423290,bp,16,33.34000015258789,1,0,20,1,0
2022-02-07 14:57:06.002790,bp,18,33.34000015258789,1,0,20,0,0
2022-02-07 15:03:00.272581,bp,31,33.34000015258789,2,1,20,0,0
2022-02-07 15:08:53.125732,bp,28,33.34000015258789,1,1,20,0,0
2022-02-07 15:14:42.652550,bp,29,33.34000015258789,1,1,20,0,1
2022-02-07 15:20:34.009435,bp,28,33.34000015258789,1,1,20,0,0
2022-02-07 15:26:30.511160,bp,27,33.34000015258789,1,2,20,0,1
2022-02-07 15:32:23.512898,bp,25,33.34000015258789,0,1,20,0,1
2022-02-07 15:38:10.650768,bp,26,33.34000015258789,0,1,20,0,1
2022-02-07 15:43:59.259144,bp,22,33.34000015258789,1,2,20,0,1
2022-02-07 15:49:45.997388,bp,20,33.34000015258789,1,3,20,0,1
2022-02-07 15:55:33.102244,bp,21,33.34000015258789,2,2,20,0,1
2022-02-07 16:15:43.415713,bp,19,33.34000015258789,2,3,20,0,0
2022-02-07 16:27:56.310024,bp,21,33.34000015258789,3,2,20,0,0
2022-02-07 16:33:45.167807,bp,22,33.34000015258789,4,2,20,0,0
2022-02-07 16:39:32.259722,bp,17,33.34000015258789,4,1,20,0,0
2022-02-07 16:47:51.060821,bp,16,33.34000015258789,2,1,20,0,0
2022-02-07 17:15:17.045579,bp,19,33.34000015258789,3,3,20,0,0
2022-02-07 17:21:03.101773,bp,18,33.34000015258789,3,2,20,0,0
2022-02-07 17:28:58.548255,bp,25,33.34000015258789,4,2,20,0,0
2022-02-07 17:36:51.154216,bp,25,33.34000015258789,3,2,20,0,0
2022-02-07 17:43:54.374924,bp,28,33.34000015258789,3,2,20,0,1
2022-02-07 17:49:41.190275,bp,25,33.34000015258789,4,0,20,0,0
2022-02-07 17:55:35.526196,bp,27,33.34000015258789,4,0,20,0,0
2022-02-07 18:03:52.766643,bp,26,33.34000015258789,4,0,20,0,0
2022-02-07 18:09:39.226275,bp,24,33.34000015258789,4,0,20,0,0
2022-02-07 18:28:15.772045,bp,19,33.34000015258789,2,0,20,0,0
2022-02-07 18:57:47.191641,bp,20,33.34000015258789,4,0,20,0,0
2022-02-07 19:04:52.310238,bp,21,33.34000015258789,4,1,20,0,0
2022-02-07 19:13:13.320423,bp,23,33.34000015258789,4,1,20,0,0
2022-02-07 19:21:31.816329,bp,22,33.34000015258789,5,1,20,1,0
2022-02-07 19:31:05.902300,bp,19,33.34000015258789,5,1,20,1,0
2022-02-07 19:39:04.449277,bp,18,33.34000015258789,4,1,20,1,0
2022-02-07 19:46:00.387378,bp,11,33.34000015258789,1,1,20,1,0
2022-02-07 19:51:50.294838,bp,15,33.34000015258789,2,1,20,1,0
2022-02-07 19:57:42.330904,bp,15,33.34000015258789,2,1,20,1,0
2022-02-07 20:03:32.389638,bp,19,33.34000015258789,2,1,20,1,0
2022-02-07 20:09:21.883645,bp,18,33.34000015258789,2,0,20,1,0
2022-02-07 20:15:12.980645,bp,18,33.34000015258789,2,0,20,1,0
2022-02-07 20:21:01.800299,bp,17,33.34000015258789,2,0,20,0,0
2022-02-07 20:26:51.889608,bp,15,33.34000015258789,0,0,20,0,0
2022-02-07 20:32:41.405337,bp,11,33.34000015258789,0,0,20,0,0
2022-02-07 20:38:30.558885,bp,8,33.34000015258789,0,0,20,0,0
2022-02-07 20:44:19.842586,bp,7,33.34000015258789,0,0,20,0,0
2022-02-07 20:50:05.497584,bp,8,33.34000015258789,0,0,20,0,0
2022-02-07 20:55:52.038049,bp,8,33.34000015258789,0,0,20,0,0
2022-02-07 21:01:37.794089,bp,9,33.34000015258789,0,0,20,0,0
2022-02-07 21:07:28.168518,bp,11,33.34000015258789,0,0,20,0,0
2022-02-07 21:13:20.019120,bp,14,33.34000015258789,0,1,20,0,0
2022-02-07 21:19:08.598090,bp,15,33.34000015258789,0,1,20,0,0
2022-02-07 21:24:57.954913,bp,13,33.34000015258789,0,1,20,0,0
2022-02-07 21:30:43.631754,bp,14,33.34000015258789,0,2,20,0,0
2022-02-07 21:36:32.158786,bp,13,33.34000015258789,0,2,20,0,0
2022-02-07 21:42:18.159982,bp,14,33.34000015258789,2,2,20,0,0
2022-02-07 21:48:08.142960,bp,11,33.34000015258789,2,2,20,1,0
2022-02-07 21:53:55.997189,bp,9,33.34000015258789,2,2,20,0,0
2022-02-07 21:59:42.007447,bp,12,33.34000015258789,3,2,20,0,0
2022-02-07 22:05:31.061772,bp,10,33.34000015258789,3,2,20,0,0
2022-02-07 22:11:18.934251,bp,11,33.34000015258789,3,2,20,0,0
2022-02-07 22:17:09.547514,bp,10,33.34000015258789,3,2,20,0,0
2022-02-07 22:22:59.799898,bp,8,33.34000015258789,2,1,20,0,0
2022-02-07 22:28:49.491720,bp,9,33.34000015258789,2,1,20,0,0
2022-02-07 22:34:36.600632,bp,8,33.34000015258789,2,2,20,0,0
2022-02-07 22:40:25.172358,bp,10,33.34000015258789,2,2,20,0,0
2022-02-07 22:46:13.171738,bp,12,33.34000015258789,2,2,20,0,0
2022-02-07 22:52:02.032788,bp,12,33.34000015258789,2,2,20,0,0
2022-02-07 22:58:44.207001,bp,11,33.34000015258789,1,2,20,0,0
2022-02-07 23:04:29.975081,bp,11,33.34000015258789,1,2,20,0,0
2022-02-07 23:10:16.014504,bp,10,33.34000015258789,1,2,20,0,0
2022-02-07 23:16:04.213039,bp,11,33.34000015258789,0,2,20,0,0
2022-02-07 23:21:51.468742,bp,11,33.34000015258789,0,2,20,0,0
2022-02-07 23:27:42.738299,bp,11,33.34000015258789,0,2,20,0,0
2022-02-07 23:33:33.146249,bp,10,33.34000015258789,0,2,20,0,0
2022-02-07 23:39:17.880197,bp,7,33.34000015258789,0,0,20,0,0
2022-02-07 23:45:03.366232,bp,11,33.34000015258789,1,0,20,0,0
2022-02-07 23:50:50.222685,bp,14,33.34000015258789,1,1,20,0,0
2022-02-07 23:56:37.718011,bp,14,33.34000015258789,1,1,20,0,0
2022-02-08 00:02:28.143622,bp,14,33.34000015258789,1,1,20,0,0
2022-02-08 00:08:18.850726,bp,19,33.34000015258789,1,1,20,0,0
2022-02-08 00:14:05.595223,bp,17,33.34000015258789,1,1,20,0,0
2022-02-08 00:19:51.693605,bp,20,33.34000015258789,1,1,20,0,0
2022-02-08 00:25:37.937290,bp,22,33.34000015258789,1,1,20,0,0
2022-02-08 00:31:25.472014,bp,22,33.34000015258789,1,1,20,0,1
2022-02-08 00:37:14.835465,bp,20,33.34000015258789,1,1,20,0,1
2022-02-08 00:43:01.845290,bp,26,33.34000015258789,1,2,20,0,1
2022-02-08 00:48:49.821904,bp,28,33.34000015258789,2,1,20,0,1
2022-02-08 00:54:36.681437,bp,26,33.34000015258789,2,1,20,0,1
2022-02-08 01:00:23.740683,bp,24,33.34000015258789,2,1,20,0,1
2022-02-08 01:06:10.054465,bp,24,33.34000015258789,3,0,20,0,1
2022-02-08 01:11:58.275613,bp,23,33.34000015258789,4,0,20,0,1
2022-02-08 01:17:45.661363,bp,14,33.34000015258789,3,0,21,0,1
2022-02-08 01:23:34.829727,bp,16,33.34000015258789,3,0,20,0,0
2022-02-08 01:29:20.423982,bp,12,33.34000015258789,0,1,20,0,0
2022-02-08 01:35:07.342373,bp,13,33.34000015258789,1,0,20,0,0
2022-02-08 01:40:54.978027,bp,13,33.34000015258789,2,0,20,0,0
2022-02-08 01:46:41.139239,bp,12,33.34000015258789,3,0,20,0,0
2022-02-08 01:53:20.421065,bp,11,33.34000015258789,2,0,20,0,0
2022-02-08 01:59:04.256536,bp,12,33.34000015258789,2,0,20,0,0
2022-02-08 02:04:49.101842,bp,12,33.34000015258789,2,0,20,0,0
2022-02-08 02:10:35.265546,bp,11,33.34000015258789,3,0,20,0,0
2022-02-08 02:16:19.657183,bp,13,33.34000015258789,3,0,20,1,0
2022-02-08 02:22:05.499069,bp,12,33.34000015258789,2,0,20,1,0
2022-02-08 02:27:51.958367,bp,11,33.34000015258789,1,0,20,0,0
2022-02-08 02:33:42.199010,bp,10,33.34000015258789,1,0,20,1,0
2022-02-08 02:39:26.782052,bp,7,33.34000015258789,2,0,20,1,0
2022-02-08 02:45:10.781754,bp,6,33.34000015258789,1,0,20,1,0
2022-02-08 02:50:55.530717,bp,7,33.34000015258789,1,0,20,1,0
2022-02-08 02:56:42.166409,bp,10,33.34000015258789,1,0,20,1,0
2022-02-08 03:02:31.489633,bp,24,33.34000015258789,1,1,20,1,0
2022-02-08 03:08:19.760825,bp,17,33.34000015258789,1,0,20,1,0
2022-02-08 03:14:09.164980,bp,14,33.34000015258789,7,0,20,1,0
2022-02-08 03:19:56.713768,bp,11,33.34000015258789,7,0,20,0,0
2022-02-08 03:25:43.837993,bp,8,33.34000015258789,1,0,20,0,0
2022-02-08 03:31:28.144172,bp,13,33.34000015258789,2,0,20,0,0
2022-02-08 03:37:14.852539,bp,10,33.34000015258789,2,0,20,0,0
2022-02-08 03:43:01.637483,bp,8,33.34000015258789,3,0,20,0,0
2022-02-08 03:48:50.977269,bp,6,33.34000015258789,2,0,20,0,0
2022-02-08 03:54:37.463426,bp,5,33.34000015258789,2,0,20,0,0
2022-02-08 04:00:22.383482,bp,7,33.34000015258789,2,0,20,1,0
2022-02-08 04:06:12.418414,bp,6,33.34000015258789,2,0,20,1,0
2022-02-08 04:12:01.474511,bp,6,33.34000015258789,3,0,20,1,0
2022-02-08 04:17:49.619288,bp,10,33.34000015258789,2,0,20,1,0
2022-02-08 04:23:38.303058,bp,9,33.34000015258789,2,0,20,1,0
2022-02-08 04:29:24.094071,bp,8,33.34000015258789,2,0,20,1,0
2022-02-08 04:35:11.189780,bp,9,33.34000015258789,2,0,20,1,0
2022-02-08 04:40:56.656519,bp,10,33.34000015258789,1,1,20,0,0
2022-02-08 04:46:42.309816,bp,9,33.34000015258789,1,1,20,0,0
2022-02-08 04:52:30.004303,bp,7,33.34000015258789,0,0,20,0,0
2022-02-08 04:58:19.456371,bp,7,33.34000015258789,0,0,20,0,0
2022-02-08 05:04:05.414529,bp,21,33.34000015258789,1,1,20,0,0
2022-02-08 05:09:53.079629,bp,16,33.34000015258789,1,2,20,0,0
2022-02-08 05:15:40.645348,bp,15,33.34000015258789,1,1,20,0,0
2022-02-08 05:21:30.224685,bp,22,33.34000015258789,2,0,20,0,0
2022-02-08 05:27:17.872137,bp,19,33.34000015258789,1,0,20,0,0
2022-02-08 05:33:06.079059,bp,17,33.34000015258789,1,0,20,0,0
2022-02-08 05:38:54.840707,bp,13,33.34000015258789,0,1,20,0,0
2022-02-08 05:44:42.176580,bp,12,33.34000015258789,0,0,20,0,0
2022-02-08 05:50:27.971138,bp,9,33.34000015258789,0,0,20,0,0
2022-02-08 05:56:19.461831,bp,9,33.34000015258789,0,0,20,0,0
2022-02-08 06:02:07.277651,bp,19,33.34000015258789,3,0,20,0,0
2022-02-08 06:07:55.362396,bp,16,33.34000015258789,3,0,20,0,0
2022-02-08 06:13:44.361751,bp,12,33.34000015258789,3,1,20,0,0
2022-02-08 06:19:30.493580,bp,11,33.34000015258789,3,0,20,0,0
2022-02-08 06:25:19.562446,bp,10,33.34000015258789,3,0,20,0,0
2022-02-08 06:31:06.353268,bp,8,33.34000015258789,3,0,20,0,0
2022-02-08 06:36:54.842827,bp,7,33.34000015258789,3,0,20,0,0
2022-02-08 06:42:44.833314,bp,7,33.34000015258789,3,0,20,0,0
2022-02-08 06:48:36.255822,bp,8,33.34000015258789,3,0,20,0,0
2022-02-08 06:56:00.851352,bp,8,33.34000015258789,4,0,20,0,0
2022-02-08 07:01:49.478459,bp,21,33.34000015258789,1,0,20,0,0
2022-02-08 07:07:40.762453,bp,18,33.34000015258789,1,0,20,0,0
2022-02-08 07:13:33.444344,bp,19,33.34000015258789,1,0,20,0,0
2022-02-08 07:19:26.405044,bp,22,33.34000015258789,1,0,20,0,0
2022-02-08 07:25:36.416695,bp,21,33.34000015258789,1,0,20,0,0
2022-02-08 07:31:24.415764,bp,23,33.47999954223633,1,1,20,0,0
2022-02-08 07:37:11.849119,bp,24,33.51499938964844,1,0,20,0,0
2022-02-08 07:43:01.639115,bp,19,33.3650016784668,1,0,20,0,0
2022-02-08 07:48:50.739737,bp,22,33.084999084472656,1,0,20,0,0
2022-02-08 07:54:37.920452,bp,25,32.78499984741211,2,1,20,0,0
2022-02-08 08:00:25.004498,bp,35,32.63999938964844,8,2,20,0,0
2022-02-08 08:06:13.951295,bp,33,32.625,9,3,20,0,0
2022-02-08 08:12:05.029242,bp,32,32.56999969482422,7,3,20,0,0
2022-02-08 08:17:55.126976,bp,27,32.755001068115234,4,2,20,0,0
2022-02-08 08:23:45.213823,bp,29,32.80500030517578,5,3,20,0,0
2022-02-08 08:29:34.329173,bp,27,32.810001373291016,6,2,20,0,0
2022-02-08 08:35:22.303399,bp,30,32.880001068115234,5,2,20,0,0
2022-02-08 08:41:09.732269,bp,27,32.86000061035156,4,1,20,0,0
2022-02-08 08:47:01.824633,bp,24,32.88959884643555,3,1,20,0,0
2022-02-08 08:52:53.144013,bp,18,32.78200149536133,1,0,20,0,0
2022-02-08 08:58:43.955684,bp,19,32.59000015258789,1,0,20,0,0
2022-02-08 09:04:35.939570,bp,30,32.439998626708984,2,0,20,0,0
2022-02-08 09:10:24.711167,bp,26,32.45009994506836,2,1,20,0,0
2022-02-08 09:16:14.157442,bp,25,32.470001220703125,3,0,20,0,0
2022-02-08 09:22:02.130576,bp,24,32.449798583984375,3,0,20,0,0
2022-02-08 09:27:49.572879,bp,21,32.39500045776367,3,0,20,0,0
2022-02-08 09:33:41.063111,bp,24,32.38010025024414,2,2,20,0,0
2022-02-08 09:39:28.527122,bp,22,32.380001068115234,2,3,20,0,0
2022-02-08 09:45:18.910120,bp,22,32.354000091552734,1,3,20,0,0
2022-02-08 09:51:07.850191,bp,20,32.419898986816406,2,2,20,0,0
2022-02-08 10:04:09.889508,bp,30,32.45000076293945,2,4,20,0,0
2022-02-08 10:18:48.606556,bp,22,32.43000030517578,2,3,20,0,0
2022-02-08 10:25:54.489217,bp,22,32.529998779296875,2,2,20,0,0
2022-02-08 10:36:52.406638,bp,21,32.46500015258789,3,3,20,0,0
2022-02-08 10:42:41.628316,bp,18,32.470001220703125,2,3,20,0,0
2022-02-08 10:54:48.338058,bp,14,32.62990188598633,3,3,20,0,0
2022-02-08 11:03:09.565361,bp,17,32.691001892089844,3,2,20,0,1
2022-02-08 11:10:29.155565,bp,16,32.65010070800781,1,2,20,0,1
2022-02-08 11:20:07.859039,bp,16,32.67839813232422,1,1,20,0,1
2022-02-08 11:25:58.596410,bp,14,32.6150016784668,0,1,20,0,1
2022-02-08 11:34:57.085699,bp,14,32.66749954223633,1,1,20,0,1
2022-02-08 11:42:30.071230,bp,13,32.669898986816406,1,1,20,0,1
2022-02-08 11:56:38.379673,bp,16,32.744998931884766,1,1,20,0,1
2022-02-08 12:02:27.168046,bp,27,32.744998931884766,4,2,20,0,1
2022-02-08 12:08:51.259824,bp,22,32.834999084472656,4,1,20,0,0
2022-02-08 12:17:31.669592,bp,15,32.8317985534668,2,0,20,0,0
2022-02-08 12:27:12.916970,bp,15,32.83000183105469,2,0,20,0,0
2022-02-08 12:34:45.242234,bp,16,32.75,2,0,20,0,0
2022-02-08 12:40:34.815146,bp,20,32.669898986816406,2,0,20,0,0
2022-02-08 12:46:25.928239,bp,19,32.63169860839844,2,0,20,0,0
2022-02-08 12:52:26.736110,bp,18,32.665000915527344,2,0,20,0,0
2022-02-08 12:59:41.795783,bp,24,32.66999816894531,2,0,20,0,0
2022-02-08 13:07:22.049399,bp,24,32.630001068115234,1,0,20,0,0
2022-02-08 13:23:56.629805,bp,21,32.65999984741211,2,0,20,0,0
2022-02-08 13:30:59.760759,bp,17,32.70500183105469,1,0,20,0,0
2022-02-08 13:39:20.034893,bp,18,32.79499816894531,1,0,20,0,0
2022-02-08 13:48:21.540041,bp,17,32.77000045776367,1,0,20,0,0
2022-02-08 14:00:33.331266,bp,19,32.810001373291016,1,0,20,0,0
2022-02-08 14:06:21.551822,bp,23,32.810001373291016,1,1,20,0,0
2022-02-08 14:12:11.059865,bp,21,32.810001373291016,2,2,20,0,0
2022-02-08 14:18:33.373308,bp,21,32.810001373291016,1,1,20,0,0
2022-02-08 14:25:56.648390,bp,22,32.810001373291016,3,0,20,1,0
2022-02-08 14:34:03.954398,bp,22,32.810001373291016,3,1,20,1,0
2022-02-08 14:41:09.676177,bp,16,32.810001373291016,3,1,20,1,0
2022-02-08 14:53:14.637382,bp,22,32.810001373291016,3,1,20,1,0
2022-02-08 14:59:02.503711,bp,21,32.810001373291016,3,1,20,1,0
2022-02-08 15:04:57.455003,bp,24,32.810001373291016,1,0,20,0,0
2022-02-08 15:12:21.340864,bp,25,32.810001373291016,1,0,20,0,0
2022-02-08 15:20:00.795413,bp,23,32.810001373291016,2,1,20,0,0
2022-02-08 15:32:18.760890,bp,25,32.810001373291016,2,1,20,0,0
2022-02-08 15:40:50.724699,bp,23,32.810001373291016,2,1,20,0,0
2022-02-08 15:48:14.106083,bp,26,32.810001373291016,3,1,20,0,0
2022-02-08 15:54:04.858994,bp,22,32.810001373291016,3,1,20,0,0
2022-02-08 16:09:28.421181,bp,18,32.810001373291016,2,1,20,1,0
2022-02-08 16:16:31.895638,bp,18,32.810001373291016,1,1,20,1,0
2022-02-08 16:26:05.264100,bp,19,32.810001373291016,1,1,20,1,0
2022-02-08 16:31:53.838192,bp,20,32.810001373291016,3,1,20,1,0
2022-02-08 18:01:41.239715,bp,17,32.810001373291016,0,0,20,0,0
2022-02-08 18:09:57.093248,bp,16,32.810001373291016,0,0,20,1,0
2022-02-08 18:17:59.649451,bp,13,32.810001373291016,0,0,20,1,0
2022-02-08 18:25:25.133740,bp,15,32.810001373291016,0,0,20,1,0
2022-02-08 18:34:12.546153,bp,16,32.810001373291016,1,0,20,0,0
2022-02-08 18:44:08.889241,bp,11,32.810001373291016,1,0,20,0,0
2022-02-08 18:53:48.139019,bp,14,32.810001373291016,1,0,20,0,0
2022-02-08 19:01:24.994023,bp,14,32.810001373291016,1,0,20,0,1
2022-02-08 19:09:46.295424,bp,15,32.810001373291016,1,0,20,0,0
2022-02-08 19:17:38.612756,bp,13,32.810001373291016,1,0,20,1,0
2022-02-08 19:27:45.229347,bp,13,32.810001373291016,1,0,21,1,0
2022-02-08 19:34:42.187800,bp,9,32.810001373291016,0,0,20,1,0
2022-02-08 19:41:01.223747,bp,9,32.810001373291016,2,0,20,2,0
2022-02-08 19:48:37.465522,bp,11,32.810001373291016,0,0,20,1,0
2022-02-08 21:31:20.888288,bp,11,32.810001373291016,1,0,20,0,1
2022-02-08 21:38:36.932674,bp,11,32.810001373291016,1,0,20,0,0
2022-02-08 21:44:33.408911,bp,12,32.810001373291016,1,0,20,1,0
2022-02-08 21:52:56.036390,bp,14,32.810001373291016,2,1,20,1,0
2022-02-08 22:00:19.756574,bp,21,32.810001373291016,4,1,20,2,0
2022-02-08 22:09:29.554767,bp,16,32.810001373291016,2,1,20,2,0
2022-02-08 22:15:28.924674,bp,21,32.810001373291016,4,1,20,2,0
2022-02-08 22:22:43.520790,bp,20,32.810001373291016,4,1,20,1,0
2022-02-08 22:30:59.170792,bp,18,32.810001373291016,3,0,20,1,0
2022-02-08 22:38:09.402517,bp,17,32.810001373291016,2,0,20,1,0
2022-02-08 22:44:06.890282,bp,17,32.810001373291016,2,0,20,1,0
2022-02-08 22:50:04.055832,bp,16,32.810001373291016,2,0,20,1,0
2022-02-08 22:56:03.707669,bp,17,32.810001373291016,3,0,20,1,0
2022-02-08 23:03:28.175620,bp,11,32.810001373291016,0,0,20,0,0
2022-02-08 23:09:47.255686,bp,14,32.810001373291016,0,0,20,0,0
2022-02-08 23:20:41.187169,bp,15,32.810001373291016,1,1,20,0,0
2022-02-08 23:26:35.669132,bp,16,32.810001373291016,2,1,20,0,0
2022-02-08 23:32:33.219010,bp,24,32.810001373291016,2,2,20,0,0
2022-02-08 23:41:20.612043,bp,22,32.810001373291016,2,2,20,0,0
2022-02-08 23:50:02.393937,bp,25,32.810001373291016,2,2,20,0,0
2022-02-08 23:59:47.238566,bp,22,32.810001373291016,1,2,20,0,0
2022-02-09 00:05:44.707486,bp,22,32.810001373291016,1,2,20,0,0
2022-02-09 00:11:38.662776,bp,19,32.810001373291016,0,1,20,0,0
2022-02-09 00:26:48.548731,bp,13,32.810001373291016,0,0,20,0,0
2022-02-09 00:34:18.468045,bp,8,32.810001373291016,1,1,20,0,0
2022-02-09 00:40:12.563935,bp,8,32.810001373291016,1,1,20,0,0
2022-02-09 00:48:41.316754,bp,8,32.810001373291016,1,1,20,0,0
2022-02-09 00:58:50.250495,bp,15,32.810001373291016,4,1,20,0,0
2022-02-09 01:06:28.018080,bp,13,32.810001373291016,2,1,20,6,0
2022-02-09 01:17:21.397133,bp,10,32.810001373291016,2,1,20,2,0
2022-02-09 01:23:19.890584,bp,11,32.810001373291016,3,1,20,0,0
2022-02-09 01:29:57.697083,bp,8,32.810001373291016,2,0,20,0,0
2022-02-09 01:36:10.401144,bp,6,32.810001373291016,1,0,20,0,0
2022-02-09 01:44:43.788615,bp,8,32.810001373291016,1,0,20,0,0
2022-02-09 01:53:13.040976,bp,8,32.810001373291016,1,0,20,0,0
2022-02-09 02:00:37.966901,bp,15,32.810001373291016,1,0,20,0,0
2022-02-09 02:07:48.158386,bp,15,32.810001373291016,1,0,20,0,0
2022-02-09 02:18:10.927312,bp,13,32.810001373291016,0,0,20,0,0
2022-02-09 02:25:19.309502,bp,13,32.810001373291016,0,0,20,0,0
2022-02-09 02:35:42.231051,bp,15,32.810001373291016,0,0,20,0,0
2022-02-09 02:44:25.030059,bp,14,32.810001373291016,0,0,20,0,0
2022-02-09 02:52:50.190217,bp,18,32.810001373291016,0,0,20,0,0
2022-02-09 03:02:35.655790,bp,17,32.810001373291016,0,1,20,0,0
2022-02-09 03:11:02.575883,bp,15,32.810001373291016,0,1,21,1,0
2022-02-09 03:22:03.190776,bp,16,32.810001373291016,0,1,20,1,0
2022-02-09 03:29:29.734028,bp,15,32.810001373291016,2,1,20,1,0
2022-02-09 03:37:00.472726,bp,13,32.810001373291016,2,1,20,1,0
2022-02-09 03:42:53.617738,bp,15,32.810001373291016,2,1,20,1,0
2022-02-09 03:50:16.440833,bp,11,32.810001373291016,2,1,20,1,0
2022-02-09 03:57:31.666314,bp,12,32.810001373291016,2,1,20,1,0
2022-02-09 04:03:47.401135,bp,22,32.810001373291016,4,1,20,1,0
2022-02-09 04:18:26.144802,bp,23,32.810001373291016,5,1,20,1,0
2022-02-09 04:26:00.881073,bp,23,32.810001373291016,6,1,20,1,0
2022-02-09 04:36:56.213403,bp,22,32.810001373291016,5,2,20,1,0
2022-02-09 04:44:13.965416,bp,23,32.810001373291016,5,1,20,1,0
2022-02-09 04:50:31.853170,bp,22,32.810001373291016,5,1,20,0,0
2022-02-09 04:56:27.803195,bp,19,32.810001373291016,4,0,20,0,0
2022-02-09 05:04:08.647538,bp,22,32.810001373291016,5,1,20,0,0
2022-02-09 05:11:16.405409,bp,21,32.810001373291016,4,1,20,0,0
2022-02-09 05:18:50.488453,bp,18,32.810001373291016,3,1,20,0,0
2022-02-09 05:26:39.610814,bp,17,32.810001373291016,3,1,20,0,0
2022-02-09 05:37:38.393278,bp,18,32.810001373291016,3,0,20,0,0
2022-02-09 05:46:19.939290,bp,21,32.810001373291016,3,1,20,0,1
2022-02-09 05:54:07.945700,bp,19,32.810001373291016,2,1,20,0,1
2022-02-09 06:02:55.194402,bp,21,32.810001373291016,2,0,20,0,1
2022-02-09 06:10:14.618585,bp,22,32.810001373291016,3,0,20,0,1
2022-02-09 06:20:18.715091,bp,24,32.810001373291016,4,0,21,0,1
2022-02-09 06:27:09.167565,bp,22,32.810001373291016,3,0,20,0,1
2022-02-09 06:35:36.775040,bp,16,32.810001373291016,2,0,21,0,0
2022-02-09 06:43:13.748254,bp,13,32.810001373291016,3,0,20,0,0
2022-02-09 06:50:26.879186,bp,14,32.810001373291016,2,0,20,0,0
2022-02-09 06:58:04.853937,bp,17,32.810001373291016,2,1,21,0,0
2022-02-09 07:07:48.303382,bp,17,32.810001373291016,2,1,20,0,0
2022-02-09 07:16:17.850679,bp,17,32.810001373291016,3,2,20,0,0
2022-02-09 07:23:51.271718,bp,17,32.810001373291016,3,2,20,0,0
2022-02-09 07:32:24.788712,bp,21,33.31999969482422,7,2,20,0,0
2022-02-09 07:41:00.154637,bp,17,33.474998474121094,6,2,20,0,0
2022-02-09 07:47:03.892613,bp,16,33.53499984741211,5,2,20,0,5
2022-02-09 07:54:27.242440,bp,13,33.500301361083984,5,1,20,0,5
2022-02-09 08:06:55.062454,bp,18,33.44499969482422,5,2,20,0,0
2022-02-09 08:13:34.612694,bp,18,33.540000915527344,4,0,20,0,0
2022-02-09 08:21:03.272962,bp,20,33.52000045776367,5,0,20,0,0
2022-02-09 08:29:28.902697,bp,22,33.584999084472656,3,0,20,0,1
2022-02-09 08:35:33.708432,bp,22,33.595001220703125,5,0,20,0,1
2022-02-09 08:44:33.450893,bp,22,33.560001373291016,5,0,20,0,1
2022-02-09 08:53:09.360434,bp,21,33.573001861572266,4,0,20,0,1
2022-02-09 08:59:11.754576,bp,21,33.584999084472656,5,0,20,0,1
2022-02-09 09:07:50.745957,bp,24,33.46500015258789,3,0,20,0,1
2022-02-09 09:13:52.766208,bp,23,33.494998931884766,3,1,20,0,1
2022-02-09 09:22:21.060118,bp,22,33.435001373291016,3,2,20,0,1
2022-02-09 09:30:48.523963,bp,19,33.39500045776367,1,3,20,0,0
2022-02-09 09:38:57.217537,bp,16,33.209999084472656,2,2,20,0,0
2022-02-09 09:48:52.686753,bp,15,33.185001373291016,2,2,20,0,0
2022-02-09 09:55:08.501424,bp,14,33.17499923706055,1,2,20,0,0
2022-02-09 10:04:49.860850,bp,26,33.1150016784668,2,3,20,0,0
2022-02-09 10:12:32.467304,bp,20,33.11000061035156,1,3,20,0,0
2022-02-09 10:19:47.104535,bp,21,33.185001373291016,2,2,20,0,0
2022-02-09 10:27:36.199227,bp,21,33.224998474121094,3,1,20,0,1
2022-02-09 10:34:51.924748,bp,20,33.16999816894531,3,1,20,0,0
2022-02-09 10:45:53.102164,bp,20,33.16999816894531,4,0,20,0,0
2022-02-09 10:53:37.444661,bp,18,33.084999084472656,6,0,20,0,1
2022-02-09 11:02:50.676085,bp,30,33.095001220703125,6,1,20,1,0
2022-02-09 11:09:58.294548,bp,31,33.11000061035156,9,1,20,0,0
2022-02-09 11:18:10.564022,bp,29,33.0526008605957,8,2,20,0,0
2022-02-09 11:26:35.765290,bp,23,33.079898834228516,5,0,20,0,0
2022-02-09 11:33:48.910054,bp,19,33.064998626708984,4,0,20,0,0
2022-02-09 11:39:57.446329,bp,17,33.060001373291016,3,0,20,0,0
2022-02-09 11:46:52.495369,bp,16,33.084999084472656,2,0,20,0,0
2022-02-09 11:55:26.937649,bp,13,33.11069869995117,1,0,20,0,0
2022-02-09 12:02:55.013795,bp,18,33.100101470947266,3,0,20,0,0
2022-02-09 12:13:18.513243,bp,17,33.084999084472656,0,0,20,0,0
2022-02-09 12:22:41.580561,bp,19,33.14500045776367,0,0,20,0,0
2022-02-09 12:30:21.774777,bp,16,33.095001220703125,0,0,20,0,0
2022-02-09 12:39:56.773838,bp,19,33.08000183105469,0,2,20,0,0
2022-02-09 12:47:49.757919,bp,18,33.065399169921875,1,3,20,0,0
2022-02-09 12:55:53.579438,bp,18,33.01279830932617,1,4,20,0,0
2022-02-09 13:03:39.996839,bp,19,33.01499938964844,1,4,20,0,0
2022-02-09 13:21:59.033410,bp,19,33.005001068115234,3,1,20,0,0
2022-02-09 13:35:35.731492,bp,17,32.98500061035156,3,1,20,0,0
2022-02-09 13:42:54.061943,bp,17,32.94499969482422,3,1,20,0,0
2022-02-09 13:48:55.804256,bp,14,32.93000030517578,3,0,20,0,0
2022-02-09 13:55:00.158174,bp,16,32.935001373291016,3,0,20,0,0
2022-02-09 14:02:14.236159,bp,21,32.9900016784668,2,1,20,0,0
2022-02-09 14:08:16.909092,bp,19,32.9900016784668,2,0,20,0,0
2022-02-09 14:20:33.857191,bp,15,32.9900016784668,1,1,20,0,0
2022-02-09 14:27:56.727532,bp,11,32.9900016784668,1,0,20,0,0
2022-02-09 14:36:38.586562,bp,11,32.9900016784668,0,1,20,0,0
2022-02-09 14:44:18.915040,bp,14,32.9900016784668,0,1,20,0,0
2022-02-09 14:52:21.880107,bp,12,32.9900016784668,0,1,20,0,1
2022-02-09 14:58:21.916598,bp,18,32.9900016784668,0,1,20,0,1
2022-02-09 15:07:28.449768,bp,21,32.9900016784668,1,1,20,0,1
2022-02-09 15:16:04.716812,bp,21,32.9900016784668,2,1,20,0,1
2022-02-09 15:24:34.286392,bp,25,32.9900016784668,2,1,20,0,1
2022-02-09 15:31:59.152145,bp,27,32.9900016784668,2,1,20,0,1
2022-02-09 15:38:08.701687,bp,23,32.9900016784668,1,0,20,0,1
2022-02-09 15:45:40.456391,bp,22,32.9900016784668,1,0,20,0,1
2022-02-09 15:52:48.150385,bp,22,32.9900016784668,1,0,20,0,0
2022-02-09 16:00:22.293259,bp,27,32.9900016784668,4,3,20,0,0
2022-02-09 16:07:43.856107,bp,19,32.9900016784668,3,0,20,0,0
2022-02-09 16:15:02.326295,bp,15,32.9900016784668,1,0,20,0,0
2022-02-09 16:23:39.761268,bp,13,32.9900016784668,0,0,20,0,0
2022-02-09 16:29:53.339386,bp,11,32.9900016784668,0,0,20,0,0
2022-02-09 16:37:26.828236,bp,11,32.9900016784668,0,0,20,0,0
2022-02-09 16:46:00.162205,bp,11,32.9900016784668,0,0,20,0,0
2022-02-09 16:51:57.754648,bp,10,32.9900016784668,0,0,20,0,0
2022-02-09 16:59:28.475785,bp,13,32.9900016784668,0,1,20,0,0
2022-02-09 17:09:34.123064,bp,12,32.9900016784668,0,1,21,0,0
2022-02-09 17:18:00.487956,bp,13,32.9900016784668,0,1,20,0,0
2022-02-09 17:25:34.968608,bp,13,32.9900016784668,0,0,20,0,0
2022-02-09 17:33:00.228079,bp,11,32.9900016784668,0,0,20,0,0
2022-02-09 17:42:44.560067,bp,14,32.9900016784668,0,0,20,0,0
2022-02-09 17:57:45.763326,bp,23,32.9900016784668,1,2,20,0,0
2022-02-09 18:07:38.102899,bp,18,32.9900016784668,1,0,20,0,0
2022-02-09 18:22:32.432517,bp,14,32.9900016784668,0,0,20,0,0
2022-02-09 18:29:07.309485,bp,10,32.9900016784668,0,0,20,0,0
2022-02-09 18:36:20.752461,bp,5,32.9900016784668,0,0,20,0,0
2022-02-09 18:47:42.637650,bp,6,32.9900016784668,2,0,20,0,0
2022-02-09 18:54:51.684499,bp,6,32.9900016784668,2,0,20,0,0
2022-02-09 19:02:03.201740,bp,18,32.9900016784668,3,0,20,0,0
2022-02-09 19:10:58.457926,bp,14,32.9900016784668,2,1,20,0,0
2022-02-09 19:17:14.349900,bp,10,32.9900016784668,2,1,20,0,0
2022-02-09 19:26:59.644587,bp,11,32.9900016784668,2,1,20,0,0
2022-02-09 19:34:15.210826,bp,11,32.9900016784668,2,1,20,0,0
2022-02-09 19:41:27.487198,bp,10,32.9900016784668,0,1,20,0,0
2022-02-09 19:49:00.988147,bp,10,32.9900016784668,0,1,20,0,0
2022-02-09 19:59:59.463415,bp,17,32.9900016784668,2,2,20,0,0
2022-02-09 20:07:31.617247,bp,14,32.9900016784668,1,2,20,0,0
2022-02-09 20:14:46.192579,bp,10,32.9900016784668,0,1,20,0,0
2022-02-09 20:22:26.713896,bp,14,32.9900016784668,2,2,20,0,0
2022-02-09 20:33:25.079714,bp,12,32.9900016784668,1,2,20,0,0
2022-02-09 20:43:28.684368,bp,10,32.9900016784668,0,2,20,0,0
2022-02-09 20:51:14.461156,bp,10,32.9900016784668,0,2,20,0,0
2022-02-09 20:58:58.082072,bp,11,32.9900016784668,1,2,20,0,0
2022-02-09 21:09:53.833939,bp,14,32.9900016784668,3,2,20,0,0
2022-02-09 21:17:08.440588,bp,17,32.9900016784668,4,1,20,0,0
2022-02-09 21:24:28.128887,bp,19,32.9900016784668,5,1,20,0,0
2022-02-09 21:31:57.994600,bp,16,32.9900016784668,4,0,20,0,0
2022-02-09 21:40:31.253338,bp,15,32.9900016784668,3,0,20,0,0
2022-02-09 21:48:06.804457,bp,18,32.9900016784668,3,1,20,0,0
2022-02-09 21:54:20.542870,bp,18,32.9900016784668,4,1,20,0,0
2022-02-09 22:04:06.201659,bp,16,32.9900016784668,2,2,20,0,0
2022-02-09 22:11:35.421130,bp,15,32.9900016784668,1,2,20,0,0
2022-02-09 22:17:28.747095,bp,13,32.9900016784668,1,2,20,0,0
2022-02-09 22:23:24.589583,bp,12,32.9900016784668,1,2,20,0,0
2022-02-09 22:29:20.925749,bp,12,32.9900016784668,3,2,20,0,0
2022-02-09 22:35:27.761326,bp,13,32.9900016784668,4,2,20,0,0
2022-02-09 22:49:00.117784,bp,10,32.9900016784668,4,1,20,0,0
2022-02-09 23:00:21.976510,bp,10,32.9900016784668,3,1,20,0,0
2022-02-09 23:09:15.148061,bp,8,32.9900016784668,1,1,20,0,0
2022-02-09 23:16:37.139883,bp,13,32.9900016784668,2,1,20,0,0
2022-02-09 23:24:09.063937,bp,15,32.9900016784668,3,1,20,0,0
2022-02-09 23:32:34.565331,bp,14,32.9900016784668,2,1,20,0,0
2022-02-09 23:39:50.811158,bp,11,32.9900016784668,1,1,20,0,0
2022-02-09 23:45:44.480620,bp,11,32.9900016784668,3,1,20,0,0
2022-02-09 23:51:38.175795,bp,11,32.9900016784668,3,1,20,0,0
2022-02-10 00:01:17.222241,bp,14,32.9900016784668,4,1,20,0,0
2022-02-10 00:10:26.832877,bp,12,32.9900016784668,4,1,20,0,0
2022-02-10 00:18:04.055601,bp,8,32.9900016784668,4,0,20,0,0
2022-02-10 00:25:31.448775,bp,8,32.9900016784668,4,0,20,0,0
2022-02-10 00:33:01.807551,bp,8,32.9900016784668,4,0,20,0,0
2022-02-10 00:38:57.228311,bp,10,32.9900016784668,5,0,20,0,0
2022-02-10 00:48:46.226188,bp,11,32.9900016784668,2,2,20,0,0
2022-02-10 01:11:51.779377,bp,15,32.9900016784668,2,1,20,0,0
2022-02-10 01:19:43.959454,bp,13,32.9900016784668,3,0,20,0,0
2022-02-10 01:29:26.373765,bp,11,32.9900016784668,1,0,20,0,0
2022-02-10 01:38:05.782512,bp,9,32.9900016784668,1,1,20,0,0
2022-02-10 01:46:51.120482,bp,11,32.9900016784668,1,2,20,0,0
2022-02-10 01:53:06.305477,bp,10,32.9900016784668,1,2,20,1,0
2022-02-10 02:00:18.218856,bp,14,32.9900016784668,1,2,20,1,0
2022-02-10 02:25:14.904194,bp,23,32.9900016784668,1,1,20,1,0
2022-02-10 02:32:49.942901,bp,20,32.9900016784668,1,1,20,2,1
2022-02-10 02:41:36.333244,bp,19,32.9900016784668,1,2,20,2,1
2022-02-10 02:48:44.389080,bp,16,32.9900016784668,0,0,20,0,0
2022-02-10 02:58:23.042389,bp,27,32.9900016784668,2,2,20,1,0
2022-02-10 03:07:04.807193,bp,24,32.9900016784668,3,3,20,1,0
2022-02-10 03:14:38.795434,bp,19,32.9900016784668,2,1,20,1,0
2022-02-10 03:22:10.277586,bp,17,32.9900016784668,2,1,20,1,0
2022-02-10 03:29:15.593175,bp,16,32.9900016784668,2,0,20,2,0
2022-02-10 03:38:12.688352,bp,16,32.9900016784668,2,0,20,1,0
2022-02-10 03:44:08.326189,bp,22,32.9900016784668,2,0,20,0,0
2022-02-10 03:51:35.009142,bp,22,32.9900016784668,1,1,20,0,0
2022-02-10 04:00:07.419762,bp,32,32.9900016784668,3,2,20,1,0
2022-02-10 04:06:04.962478,bp,26,32.9900016784668,1,2,20,0,0
2022-02-10 04:13:16.160070,bp,24,32.9900016784668,1,1,20,0,0
2022-02-10 04:20:47.282459,bp,24,32.9900016784668,1,1,20,0,0
2022-02-10 04:27:58.363131,bp,22,32.9900016784668,1,1,20,0,0
2022-02-10 04:35:13.438422,bp,18,32.9900016784668,1,1,20,0,0
2022-02-10 04:41:07.709065,bp,16,32.9900016784668,3,1,20,0,0
2022-02-10 04:50:55.729783,bp,18,32.9900016784668,2,1,20,0,0
2022-02-10 04:58:27.676243,bp,20,32.9900016784668,3,2,20,0,0
2022-02-10 05:06:18.967790,bp,17,32.9900016784668,3,1,20,0,0
2022-02-10 05:14:03.937079,bp,17,32.9900016784668,4,1,20,0,0
2022-02-10 05:22:46.134722,bp,19,32.9900016784668,4,1,20,0,0
2022-02-10 05:29:57.269588,bp,23,32.9900016784668,4,1,20,0,0
2022-02-10 05:37:23.633477,bp,23,32.9900016784668,3,1,20,0,0
2022-02-10 05:52:23.554935,bp,19,32.9900016784668,1,1,20,0,0
2022-02-10 05:59:33.851093,bp,18,32.9900016784668,1,2,20,0,0
2022-02-10 06:07:14.234412,bp,28,32.9900016784668,2,4,20,0,1
2022-02-10 06:16:03.992908,bp,28,32.9900016784668,3,3,20,0,1
2022-02-10 06:27:05.751099,bp,24,32.9900016784668,2,4,20,0,1
2022-02-10 06:35:50.593133,bp,16,32.9900016784668,2,2,20,0,1
2022-02-10 06:43:18.997967,bp,15,32.9900016784668,2,2,20,0,1
2022-02-10 06:50:36.966905,bp,14,32.9900016784668,1,2,20,0,1
2022-02-10 06:58:02.695060,bp,13,32.9900016784668,2,1,20,0,1
2022-02-10 07:05:20.728169,bp,26,32.9900016784668,5,3,20,0,0
2022-02-10 07:15:18.000472,bp,21,32.9900016784668,6,4,20,0,0
2022-02-10 07:21:17.694062,bp,21,32.9900016784668,7,4,20,0,0
2022-02-10 07:28:32.130785,bp,18,33.095001220703125,7,3,20,0,0
2022-02-10 07:39:38.972684,bp,26,33.31999969482422,8,3,20,0,0
2022-02-10 07:47:00.682122,bp,22,33.435001373291016,8,1,20,0,0
2022-02-10 07:53:02.489772,bp,23,33.29999923706055,8,1,20,0,0
2022-02-10 08:00:50.796281,bp,28,33.3650016784668,7,2,20,0,0
2022-02-10 08:09:33.559746,bp,23,33.46500015258789,5,0,20,0,0
2022-02-10 08:16:48.976210,bp,32,33.40999984741211,6,1,20,0,0
2022-02-10 08:22:46.613621,bp,34,33.470001220703125,8,2,20,0,0
2022-02-10 08:29:59.519109,bp,34,33.60499954223633,8,2,20,0,0
2022-02-10 08:37:11.571857,bp,29,33.599998474121094,5,2,20,0,0
2022-02-10 08:47:53.588866,bp,29,33.435001373291016,4,2,20,1,0
2022-02-10 08:56:34.145482,bp,27,33.459999084472656,4,2,20,1,0
2022-02-10 09:02:47.826137,bp,32,33.51499938964844,4,2,20,1,0
2022-02-10 09:08:47.737145,bp,25,33.51499938964844,3,2,20,1,0
2022-02-10 09:16:02.972390,bp,19,33.474998474121094,2,2,20,1,0
2022-02-10 09:25:12.288003,bp,21,33.44499969482422,1,3,20,0,0
2022-02-10 09:31:38.550362,bp,23,33.47999954223633,2,2,20,0,0
2022-02-10 09:41:29.004704,bp,16,33.54499816894531,2,1,20,0,0
2022-02-10 09:56:25.476153,bp,14,33.55500030517578,2,1,20,1,0
2022-02-10 10:04:02.613834,bp,28,33.55500030517578,9,4,20,1,0
2022-02-10 10:13:47.705389,bp,28,33.54499816894531,7,2,20,0,0
2022-02-10 10:21:01.072457,bp,32,33.47999954223633,5,4,20,0,0
2022-02-10 10:28:20.910763,bp,32,33.470001220703125,3,4,20,0,0
2022-02-10 10:34:18.901682,bp,32,33.459999084472656,3,4,20,0,0
2022-02-10 10:43:03.304455,bp,33,33.415000915527344,3,4,20,0,0
2022-02-10 10:49:04.064885,bp,31,33.38850021362305,3,3,20,0,0
2022-02-10 10:58:00.854413,bp,26,33.33000183105469,2,1,20,0,0
2022-02-10 11:05:40.945698,bp,33,33.29499816894531,2,2,20,0,0
2022-02-10 11:12:50.672932,bp,26,33.35499954223633,3,3,20,0,0
2022-02-10 11:20:20.302776,bp,21,33.2400016784668,2,1,20,0,0
2022-02-10 11:30:16.888654,bp,21,33.250301361083984,3,1,20,0,0
2022-02-10 11:36:57.420051,bp,18,33.084999084472656,3,1,21,0,0
2022-02-10 11:48:15.098504,bp,12,33.165000915527344,2,1,20,0,0
2022-02-10 11:56:41.851199,bp,11,33.15999984741211,2,1,20,0,0
2022-02-10 12:03:55.113489,bp,16,33.154998779296875,4,0,20,0,0
2022-02-10 12:09:50.975444,bp,13,33.20000076293945,3,0,20,0,0
2022-02-10 12:16:25.932712,bp,14,33.14500045776367,4,0,20,0,0
2022-02-10 12:28:44.069653,bp,12,33.2400016784668,3,1,20,0,0
2022-02-10 12:37:14.804484,bp,13,33.236698150634766,3,1,20,1,0
2022-02-10 12:44:29.542662,bp,13,33.21500015258789,3,1,20,1,0
2022-02-10 12:52:56.169701,bp,12,33.14500045776367,2,2,20,0,0
2022-02-10 13:01:00.823007,bp,16,33.13999938964844,2,2,20,0,0
2022-02-10 13:08:17.294852,bp,20,33.185001373291016,2,3,20,0,0
2022-02-10 13:15:10.436818,bp,19,33.18000030517578,2,4,20,0,0
2022-02-10 13:22:30.165990,bp,18,33.10499954223633,3,3,20,0,0
2022-02-10 13:28:57.027612,bp,17,33.084999084472656,3,3,20,0,0
2022-02-10 13:37:55.577024,bp,15,33.064998626708984,3,3,20,0,0
2022-02-10 13:45:07.126970,bp,16,32.9900016784668,4,3,20,0,0
2022-02-10 13:52:31.483451,bp,14,33.02410125732422,3,1,20,0,0
2022-02-10 13:59:44.006637,bp,23,33.060001373291016,3,2,20,0,0
2022-02-10 14:05:45.392072,bp,22,33.060001373291016,3,1,20,0,0
2022-02-10 14:12:19.874752,bp,23,33.060001373291016,4,1,20,0,0
2022-02-10 14:20:11.585944,bp,19,33.05500030517578,3,1,20,0,0
2022-02-10 14:27:21.825733,bp,19,33.05500030517578,2,2,20,0,0
2022-02-10 14:35:57.204380,bp,22,33.060001373291016,3,2,20,0,0
2022-02-10 14:43:34.929035,bp,20,33.060001373291016,3,2,20,0,0
2022-02-10 14:50:51.864402,bp,24,33.060001373291016,4,2,20,0,0
2022-02-10 15:00:09.160066,bp,33,33.060001373291016,5,5,20,0,0
2022-02-10 15:09:05.426626,bp,35,33.060001373291016,5,4,20,0,0
2022-02-10 15:15:06.332578,bp,33,33.060001373291016,5,4,20,0,0
2022-02-10 15:21:09.450067,bp,29,33.060001373291016,8,2,20,0,0
2022-02-10 15:28:52.342386,bp,26,33.060001373291016,7,2,20,0,0
2022-02-10 15:36:13.675161,bp,24,33.060001373291016,6,1,20,0,0
2022-02-10 15:43:45.939939,bp,18,33.060001373291016,7,1,20,0,0
2022-02-10 15:51:59.450550,bp,17,33.060001373291016,9,1,20,0,0
2022-02-10 15:57:57.529125,bp,13,33.060001373291016,5,0,20,0,0
2022-02-10 16:05:23.399868,bp,22,33.060001373291016,10,1,20,0,0
2022-02-10 16:12:55.425186,bp,13,33.060001373291016,7,1,20,0,0
2022-02-10 16:21:31.057564,bp,11,33.060001373291016,4,1,20,0,0
2022-02-10 16:29:13.176693,bp,10,33.060001373291016,4,1,20,0,0
2022-02-10 16:36:28.803239,bp,7,33.060001373291016,2,2,20,0,0
2022-02-10 19:46:07.460423,bp,9,33.060001373291016,2,0,20,0,1
2022-02-10 22:25:20.206100,bp,16,33.060001373291016,1,1,20,1,0
2022-02-10 22:33:09.403630,bp,11,33.060001373291016,1,1,20,1,0
2022-02-10 22:40:26.193428,bp,8,33.060001373291016,1,1,20,1,0
2022-02-10 22:47:55.720362,bp,12,33.060001373291016,3,1,20,1,0
2022-02-10 22:55:57.891977,bp,11,33.060001373291016,3,0,20,1,0
2022-02-10 23:07:09.047621,bp,12,33.060001373291016,2,1,20,1,0
2022-02-10 23:18:38.407544,bp,16,33.060001373291016,2,1,20,0,0
2022-02-10 23:36:07.960443,bp,17,33.060001373291016,4,1,20,0,0
2022-02-10 23:44:52.413557,bp,12,33.060001373291016,2,1,20,0,0
2022-02-10 23:52:46.625828,bp,13,33.060001373291016,1,1,20,0,0
2022-02-11 00:00:03.972039,bp,18,33.060001373291016,2,1,20,0,0
2022-02-11 00:07:26.979600,bp,15,33.060001373291016,2,0,20,1,0
2022-02-11 00:13:25.713655,bp,16,33.060001373291016,2,0,20,1,0
2022-02-11 00:22:16.366341,bp,13,33.060001373291016,1,0,20,1,0
2022-02-11 00:33:49.538050,bp,12,33.060001373291016,1,0,20,1,0
2022-02-11 00:51:36.519468,bp,14,33.060001373291016,2,0,20,1,0
2022-02-11 00:57:31.162312,bp,15,33.060001373291016,2,0,20,1,0
2022-02-11 01:04:50.740256,bp,18,33.060001373291016,3,0,20,0,0
2022-02-11 01:15:36.777513,bp,17,33.060001373291016,3,0,20,0,0
2022-02-11 01:23:08.093117,bp,17,33.060001373291016,3,0,20,0,0
2022-02-11 01:29:15.633566,bp,15,33.060001373291016,3,0,20,0,0
2022-02-11 01:36:46.659265,bp,15,33.060001373291016,2,1,20,0,0
2022-02-11 01:42:53.544032,bp,13,33.060001373291016,1,1,20,0,0
2022-02-11 01:48:52.835696,bp,13,33.060001373291016,2,1,20,0,0
2022-02-11 02:01:24.259923,bp,13,33.060001373291016,3,0,20,0,0
2022-02-11 02:11:42.674248,bp,11,33.060001373291016,3,0,20,0,0
2022-02-11 02:27:36.233097,bp,14,33.060001373291016,3,0,20,0,0
2022-02-11 02:38:06.084130,bp,17,33.060001373291016,3,1,20,0,0
2022-02-11 02:45:17.349362,bp,18,33.060001373291016,3,1,20,0,0
2022-02-11 02:54:26.696430,bp,16,33.060001373291016,3,1,20,2,0
2022-02-11 03:07:13.280863,bp,24,33.060001373291016,4,1,20,1,0
2022-02-11 03:15:55.604123,bp,18,33.060001373291016,3,1,20,1,0
2022-02-11 03:22:06.989340,bp,13,33.060001373291016,1,0,20,1,0
2022-02-11 03:32:03.667632,bp,14,33.060001373291016,2,0,20,1,0
2022-02-11 03:39:41.143821,bp,13,33.060001373291016,2,0,20,1,0
2022-02-11 03:46:54.517623,bp,17,33.060001373291016,2,0,20,1,0
2022-02-11 03:54:31.294134,bp,15,33.060001373291016,2,1,20,0,0
2022-02-11 04:02:17.192330,bp,33,33.060001373291016,3,3,20,0,0
2022-02-11 04:09:57.348157,bp,34,33.060001373291016,3,3,20,0,0
2022-02-11 04:18:24.052024,bp,33,33.060001373291016,2,4,20,0,0
2022-02-11 04:24:40.566528,bp,33,33.060001373291016,1,3,20,0,0
2022-02-11 04:32:06.963848,bp,26,33.060001373291016,1,3,20,0,0
2022-02-11 04:43:07.207588,bp,23,33.060001373291016,0,2,20,0,0
2022-02-11 04:50:59.104747,bp,25,33.060001373291016,0,1,20,0,0
2022-02-11 04:59:46.120850,bp,28,33.060001373291016,1,1,20,0,0
2022-02-11 05:07:00.567039,bp,27,33.060001373291016,2,2,20,0,0
2022-02-11 05:15:42.776607,bp,22,33.060001373291016,1,1,20,0,0
2022-02-11 05:24:58.945339,bp,17,33.060001373291016,1,1,20,0,0
2022-02-11 05:32:28.774055,bp,14,33.060001373291016,1,1,20,0,0
2022-02-11 05:39:45.805842,bp,10,33.060001373291016,1,1,20,0,0
2022-02-11 06:10:58.996581,bp,22,33.060001373291016,3,1,20,0,0
2022-02-11 06:18:23.835051,bp,21,33.060001373291016,1,2,20,0,0
2022-02-11 06:27:33.179425,bp,23,33.060001373291016,1,3,20,0,0
2022-02-11 06:35:23.263414,bp,25,33.060001373291016,1,4,20,0,0
2022-02-11 06:41:42.509352,bp,20,33.060001373291016,1,4,20,0,0
2022-02-11 06:50:51.166360,bp,18,33.060001373291016,1,3,20,0,0
2022-02-11 06:59:55.952908,bp,24,33.060001373291016,5,3,20,0,0
2022-02-11 07:08:16.934473,bp,25,33.060001373291016,3,3,20,0,0
2022-02-11 07:16:15.897197,bp,18,33.060001373291016,2,0,20,0,0
2022-02-11 07:23:34.732970,bp,20,33.060001373291016,1,0,20,0,0
2022-02-11 07:29:39.265078,bp,19,33.52000045776367,1,0,20,0,0
2022-02-11 07:35:50.624627,bp,19,33.58000183105469,2,0,20,0,0
2022-02-11 07:53:10.721788,bp,18,33.974998474121094,1,0,20,0,0
2022-02-11 08:03:27.567504,bp,25,34.025001525878906,4,0,20,0,0
2022-02-11 08:10:57.827061,bp,20,34.0099983215332,5,0,20,0,0
2022-02-11 08:18:29.063502,bp,18,33.95100021362305,3,0,20,0,0
2022-02-11 08:25:55.276858,bp,19,34.04999923706055,4,1,20,0,0
2022-02-11 08:33:08.110135,bp,21,34.0099983215332,4,1,20,0,0
2022-02-11 08:40:18.829018,bp,19,34.060001373291016,4,1,20,0,0
2022-02-11 08:47:43.781731,bp,20,34.125,4,1,20,0,0
2022-02-11 08:56:25.075044,bp,23,34.08769989013672,8,1,20,0,0
2022-02-11 09:04:59.983856,bp,30,34.14500045776367,15,1,20,0,1
2022-02-11 09:12:55.797785,bp,27,34.025001525878906,13,1,20,0,0
2022-02-11 09:20:06.850932,bp,30,34.040000915527344,13,2,20,0,1
2022-02-11 09:26:58.449273,bp,29,34.04499816894531,13,2,20,0,1
2022-02-11 09:33:32.387225,bp,29,33.994998931884766,13,2,20,0,0
2022-02-11 09:39:38.384312,bp,27,33.89099884033203,13,2,20,1,0
2022-02-11 09:45:41.916422,bp,20,33.880001068115234,12,2,20,1,0
2022-02-11 09:54:09.605888,bp,18,33.92499923706055,10,2,20,1,0
2022-02-11 10:00:10.806898,bp,29,33.94499969482422,8,3,20,1,0
2022-02-11 10:08:38.197140,bp,23,33.900001525878906,3,3,20,1,0
2022-02-11 10:16:14.947282,bp,18,33.94499969482422,3,1,20,0,0
2022-02-11 10:23:36.884515,bp,19,33.93000030517578,3,1,20,0,0
2022-02-11 10:30:51.626083,bp,18,33.97999954223633,4,0,20,0,0
2022-02-11 10:38:40.166589,bp,19,34.0099983215332,5,1,20,0,0
2022-02-11 10:47:16.279062,bp,21,33.974998474121094,4,2,20,0,0
2022-02-11 10:54:39.093574,bp,19,33.904998779296875,4,1,20,0,0
2022-02-11 11:00:46.728832,bp,22,33.959999084472656,3,1,20,0,0
2022-02-11 11:08:08.202670,bp,21,33.98500061035156,3,1,20,0,0
2022-02-11 11:14:08.421532,bp,21,33.95100021362305,2,1,20,0,0
2022-02-11 11:20:42.550763,bp,23,33.90449905395508,3,1,20,0,0
2022-02-11 11:32:20.144183,bp,29,33.93000030517578,3,1,20,0,0
2022-02-11 11:39:53.981199,bp,27,33.834999084472656,2,1,20,0,0
2022-02-11 11:48:09.844764,bp,19,33.66999816894531,1,0,20,0,0
2022-02-11 11:55:25.637844,bp,21,33.83000183105469,2,0,20,0,0
2022-02-11 12:03:25.612779,bp,31,33.68000030517578,6,2,20,0,0
2022-02-11 12:13:24.503931,bp,24,33.79999923706055,4,2,20,1,0
2022-02-11 12:21:04.893916,bp,24,33.72999954223633,4,2,20,1,0
2022-02-11 12:30:57.072079,bp,16,33.52000045776367,2,1,20,1,0
2022-02-11 12:36:58.304560,bp,16,33.525001525878906,1,0,20,1,0
2022-02-11 12:44:17.133048,bp,14,33.42499923706055,1,0,20,1,0
2022-02-11 12:55:37.048850,bp,13,33.244998931884766,0,0,20,1,0
2022-02-11 13:02:53.450215,bp,17,33.360198974609375,0,0,20,0,0
2022-02-11 13:08:58.698543,bp,18,33.290000915527344,0,0,20,1,0
2022-02-11 13:14:58.382577,bp,14,33.224998474121094,1,0,20,0,0
2022-02-11 13:23:49.080925,bp,18,33.189998626708984,1,1,20,0,0
2022-02-11 13:35:18.785718,bp,15,33.23500061035156,1,1,20,0,0
2022-02-11 13:44:10.004665,bp,16,33.17399978637695,1,2,20,0,0
2022-02-11 13:52:50.114694,bp,17,33.255001068115234,1,1,20,0,0
2022-02-11 14:09:08.972988,bp,21,33.22999954223633,1,1,20,0,0
2022-02-11 14:18:49.281795,bp,21,33.22999954223633,2,1,20,0,0
2022-02-11 14:27:18.263684,bp,23,33.22999954223633,2,1,20,0,0
2022-02-11 14:38:10.888242,bp,19,33.22999954223633,2,1,20,0,0
2022-02-11 14:44:06.121201,bp,19,33.22999954223633,2,0,20,0,0
2022-02-11 14:53:05.899128,bp,18,33.22999954223633,2,0,20,0,0
2022-02-11 15:01:29.819865,bp,23,33.22999954223633,3,3,20,0,0
2022-02-11 15:10:27.008184,bp,22,33.22999954223633,3,3,20,0,0
2022-02-11 15:20:10.259353,bp,21,33.22999954223633,3,3,20,0,0
2022-02-11 15:28:24.073950,bp,18,33.22999954223633,2,3,20,0,0
2022-02-11 15:34:35.221688,bp,17,33.22999954223633,3,3,20,0,0
2022-02-11 15:45:33.319891,bp,16,33.22999954223633,3,5,20,0,0
2022-02-11 15:51:28.584396,bp,14,33.22999954223633,2,7,20,0,1
2022-02-11 15:57:23.399036,bp,12,33.22999954223633,2,4,20,0,1
2022-02-11 16:03:17.050623,bp,12,33.22999954223633,1,4,20,0,1
2022-02-11 16:14:17.036252,bp,12,33.22999954223633,1,4,20,0,1
2022-02-11 16:23:21.965446,bp,15,33.22999954223633,0,5,20,0,1
2022-02-11 16:30:56.264777,bp,12,33.22999954223633,0,5,20,0,1
2022-02-11 16:39:51.610036,bp,11,33.22999954223633,0,4,20,0,0
2022-02-11 16:48:58.169478,bp,11,33.22999954223633,0,3,20,0,0
2022-02-11 16:56:22.256940,bp,9,33.22999954223633,0,3,20,0,0
2022-02-11 17:02:17.169603,bp,15,33.22999954223633,0,3,20,0,0
2022-02-11 17:10:56.755186,bp,12,33.22999954223633,0,3,20,0,0
2022-02-11 17:17:25.457938,bp,11,33.22999954223633,0,2,20,0,0
2022-02-11 17:23:28.033852,bp,8,33.22999954223633,1,1,20,0,0
2022-02-11 17:42:49.937486,bp,7,33.22999954223633,2,0,20,0,0
2022-02-11 17:51:15.337784,bp,7,33.22999954223633,2,0,20,0,0
2022-02-11 17:58:33.747147,bp,8,33.22999954223633,2,0,20,0,0
2022-02-11 18:05:59.151546,bp,7,33.22999954223633,2,2,20,0,0
2022-02-11 18:13:32.617383,bp,3,33.22999954223633,0,0,20,0,0
2022-02-11 18:22:22.856236,bp,5,33.22999954223633,0,0,20,0,0
2022-02-11 18:31:01.491128,bp,6,33.22999954223633,0,0,20,0,0
2022-02-11 18:36:56.980664,bp,7,33.22999954223633,0,0,20,0,0
2022-02-11 18:46:49.061892,bp,11,33.22999954223633,0,2,20,0,0
2022-02-11 18:54:39.992818,bp,12,33.22999954223633,5,2,20,0,0
2022-02-11 19:00:49.476146,bp,16,33.22999954223633,6,2,20,0,0
2022-02-11 19:11:00.642436,bp,20,33.22999954223633,15,2,20,0,0
2022-02-11 19:19:51.777192,bp,19,33.22999954223633,21,2,20,0,0
2022-02-11 19:28:44.606999,bp,10,33.22999954223633,13,1,20,0,0
2022-02-11 19:36:01.742405,bp,7,33.22999954223633,13,0,20,0,0
2022-02-11 19:43:37.029670,bp,9,33.22999954223633,14,0,20,0,0
2022-02-11 19:53:16.503656,bp,9,33.22999954223633,15,0,20,0,0
2022-02-11 20:00:50.746478,bp,8,33.22999954223633,13,0,20,0,0
2022-02-11 20:08:23.018221,bp,13,33.22999954223633,13,0,20,0,0
2022-02-11 20:17:02.361156,bp,13,33.22999954223633,13,0,20,0,0
2022-02-11 20:25:30.286670,bp,16,33.22999954223633,14,0,20,2,0
2022-02-11 20:33:23.452721,bp,15,33.22999954223633,14,0,20,0,0
2022-02-11 20:40:41.708976,bp,20,33.22999954223633,17,0,20,0,0
2022-02-11 20:46:46.664944,bp,18,33.22999954223633,16,0,20,0,0
2022-02-11 20:52:55.493694,bp,17,33.22999954223633,16,0,20,0,0
2022-02-11 21:00:16.004939,bp,13,33.22999954223633,5,1,20,0,0
2022-02-11 21:08:55.272453,bp,10,33.22999954223633,5,1,20,0,0
2022-02-11 21:23:45.475495,bp,10,33.22999954223633,5,1,20,0,0
2022-02-11 21:32:12.713350,bp,6,33.22999954223633,5,1,20,0,0
2022-02-11 21:40:08.403610,bp,5,33.22999954223633,5,1,20,0,0
2022-02-11 21:57:44.160139,bp,6,33.22999954223633,1,0,20,0,0
2022-02-11 22:05:30.127094,bp,7,33.22999954223633,2,1,20,0,0
2022-02-11 22:12:35.785438,bp,14,33.22999954223633,2,1,20,0,0
2022-02-11 22:19:45.967168,bp,15,33.22999954223633,1,0,20,0,0
2022-02-11 22:25:58.692013,bp,16,33.22999954223633,2,0,20,1,0
2022-02-11 22:35:03.839553,bp,16,33.22999954223633,1,0,20,1,0
2022-02-11 22:48:35.264520,bp,16,33.22999954223633,1,0,20,1,0
2022-02-11 22:54:31.397635,bp,14,33.22999954223633,1,0,20,1,0
2022-02-11 23:00:36.013373,bp,12,33.22999954223633,1,1,20,1,0
2022-02-11 23:08:10.620449,bp,13,33.22999954223633,2,2,20,1,0
2022-02-11 23:16:17.209493,bp,9,33.22999954223633,2,2,20,1,0
2022-02-11 23:24:46.437780,bp,10,33.22999954223633,2,2,20,0,0
2022-02-11 23:31:56.729296,bp,8,33.22999954223633,1,1,20,0,0
2022-02-11 23:40:48.167728,bp,8,33.22999954223633,1,1,20,0,0
2022-02-11 23:48:00.678442,bp,6,33.22999954223633,1,1,20,0,0
2022-02-11 23:53:59.560133,bp,5,33.22999954223633,0,0,20,0,0
2022-02-12 00:02:49.961149,bp,6,33.22999954223633,0,0,20,0,0
2022-02-12 00:11:28.712642,bp,6,33.22999954223633,0,0,20,0,0
2022-02-12 00:22:39.070241,bp,10,33.22999954223633,2,0,20,0,0
2022-02-12 00:32:19.273424,bp,7,33.22999954223633,1,0,20,0,0
2022-02-12 00:39:28.834680,bp,7,33.22999954223633,1,0,20,0,0
2022-02-12 00:45:37.256260,bp,7,33.22999954223633,1,0,20,0,0
2022-02-12 00:51:41.364629,bp,7,33.22999954223633,1,0,20,0,0
2022-02-12 00:58:52.363356,bp,7,33.22999954223633,2,0,20,0,0
2022-02-12 01:06:32.470399,bp,10,33.22999954223633,1,0,20,0,0
2022-02-12 01:15:11.621909,bp,9,33.22999954223633,1,0,20,0,0
2022-02-12 01:31:10.331853,bp,8,33.22999954223633,0,0,20,0,0
2022-02-12 01:38:26.110932,bp,8,33.22999954223633,0,0,20,0,0
2022-02-12 01:48:10.226486,bp,5,33.22999954223633,0,0,20,0,0
2022-02-12 01:56:58.118452,bp,5,33.22999954223633,0,0,20,0,0
2022-02-12 02:03:12.512598,bp,6,33.22999954223633,1,1,20,0,0
2022-02-12 02:10:47.794979,bp,8,33.22999954223633,2,2,20,0,0
2022-02-12 02:18:13.436793,bp,9,33.22999954223633,2,2,20,0,0
2022-02-12 02:25:41.030650,bp,9,33.22999954223633,2,2,20,0,0
2022-02-12 02:34:19.246629,bp,10,33.22999954223633,2,2,20,0,0
2022-02-12 02:40:36.301874,bp,13,33.22999954223633,2,2,20,0,0
2022-02-12 02:46:35.438180,bp,14,33.22999954223633,2,2,20,0,0
2022-02-12 02:56:16.144025,bp,8,33.22999954223633,1,1,20,0,0
2022-02-12 03:02:35.288156,bp,8,33.22999954223633,0,0,20,0,0
2022-02-12 03:09:46.907085,bp,6,33.22999954223633,0,0,20,0,0
2022-02-12 03:21:07.452059,bp,8,33.22999954223633,1,0,20,0,0
2022-02-12 03:27:29.065576,bp,4,33.22999954223633,0,0,20,0,0
2022-02-12 03:36:01.089679,bp,3,33.22999954223633,0,0,20,0,0
2022-02-12 03:43:22.299541,bp,4,33.22999954223633,0,0,20,0,0
2022-02-12 03:52:00.459629,bp,3,33.22999954223633,0,0,20,1,0
2022-02-12 04:00:36.771960,bp,3,33.22999954223633,0,0,20,1,0
2022-02-12 04:09:36.608660,bp,5,33.22999954223633,3,0,20,1,0
2022-02-12 04:18:32.262701,bp,4,33.22999954223633,3,0,20,1,0
2022-02-12 04:25:54.474264,bp,5,33.22999954223633,4,1,20,1,0
2022-02-12 04:33:27.512607,bp,6,33.22999954223633,4,1,20,2,0
2022-02-12 04:40:57.620781,bp,6,33.22999954223633,3,0,20,2,0
2022-02-12 04:48:18.820725,bp,6,33.22999954223633,3,0,20,2,0
2022-02-12 04:55:54.977767,bp,6,33.22999954223633,3,0,20,0,0
2022-02-12 05:03:28.022383,bp,18,33.22999954223633,3,6,20,0,0
2022-02-12 05:10:50.858949,bp,19,33.22999954223633,1,2,20,0,0
2022-02-12 05:20:55.262844,bp,19,33.22999954223633,1,2,20,0,0
2022-02-12 05:28:11.871093,bp,18,33.22999954223633,0,2,20,0,0
2022-02-12 05:37:03.339435,bp,16,33.22999954223633,0,2,20,2,0
2022-02-12 05:43:10.423713,bp,14,33.22999954223633,0,2,20,0,0
2022-02-12 05:50:20.889619,bp,14,33.22999954223633,0,2,20,0,0
2022-02-12 05:57:59.129251,bp,13,33.22999954223633,0,2,20,1,0
2022-02-12 06:04:07.716135,bp,11,33.22999954223633,0,0,20,1,0
2022-02-12 06:12:34.267752,bp,9,33.22999954223633,0,0,20,1,0
2022-02-12 06:28:18.083919,bp,11,33.22999954223633,1,1,20,1,0
2022-02-12 06:35:52.535750,bp,10,33.22999954223633,1,1,20,1,0
2022-02-12 06:45:44.725837,bp,8,33.22999954223633,2,1,20,1,0
2022-02-12 07:03:03.872557,bp,9,33.22999954223633,2,1,20,0,0
2022-02-12 07:10:44.419692,bp,12,33.22999954223633,2,1,20,0,0
2022-02-12 07:19:39.898970,bp,12,33.22999954223633,1,0,20,0,0
2022-02-12 07:26:54.110013,bp,7,33.22999954223633,1,0,20,0,0
2022-02-12 07:37:38.855870,bp,8,33.22999954223633,1,0,20,0,0
2022-02-12 07:43:45.104292,bp,7,33.22999954223633,0,0,20,0,0
2022-02-12 07:51:22.385007,bp,4,33.22999954223633,0,0,20,0,0
2022-02-12 07:59:02.106913,bp,3,33.22999954223633,0,0,20,0,0
2022-02-12 08:07:33.993209,bp,2,33.22999954223633,1,0,20,0,0
2022-02-12 08:15:36.198733,bp,1,33.22999954223633,0,0,20,0,0
2022-02-12 08:22:50.552100,bp,1,33.22999954223633,0,0,20,1,0
2022-02-12 08:31:16.320643,bp,2,33.22999954223633,0,0,20,0,0
2022-02-12 08:37:14.595499,bp,3,33.22999954223633,0,1,20,1,0
2022-02-12 08:44:26.396509,bp,4,33.22999954223633,1,1,20,1,0
2022-02-12 08:51:40.779123,bp,4,33.22999954223633,1,1,20,1,0
2022-02-12 09:02:33.117510,bp,9,33.22999954223633,2,1,20,0,0
2022-02-12 09:10:05.809330,bp,11,33.22999954223633,2,1,20,0,0
2022-02-12 09:17:33.618167,bp,11,33.22999954223633,2,1,20,0,0
2022-02-12 09:24:41.822183,bp,10,33.22999954223633,2,0,20,0,0
2022-02-12 09:31:54.526795,bp,10,33.22999954223633,2,0,20,0,0
2022-02-12 09:37:50.740213,bp,9,33.22999954223633,2,0,20,0,0
2022-02-12 09:44:03.473296,bp,9,33.22999954223633,2,0,20,0,0
2022-02-12 09:51:34.715820,bp,5,33.22999954223633,1,0,20,0,0
2022-02-12 09:58:56.937165,bp,9,33.22999954223633,1,0,20,0,0
2022-02-12 10:07:56.804323,bp,5,33.22999954223633,0,0,20,0,0
2022-02-12 10:14:05.177233,bp,6,33.22999954223633,0,0,20,0,0
2022-02-12 10:24:09.087281,bp,7,33.22999954223633,0,1,20,0,0
2022-02-12 10:33:12.898084,bp,8,33.22999954223633,0,1,20,0,0
2022-02-12 10:40:25.453830,bp,9,33.22999954223633,0,1,20,0,0
2022-02-12 10:46:42.651439,bp,9,33.22999954223633,0,1,20,0,0
2022-02-12 10:54:17.290591,bp,8,33.22999954223633,0,1,20,0,0
2022-02-12 11:01:53.402232,bp,8,33.22999954223633,0,1,20,0,0
2022-02-12 11:07:56.221866,bp,10,33.22999954223633,0,1,20,0,0
2022-02-12 11:15:10.706857,bp,8,33.22999954223633,0,1,20,0,0
2022-02-12 11:21:20.425306,bp,6,33.22999954223633,0,0,20,0,0
2022-02-12 11:29:13.322456,bp,4,33.22999954223633,1,0,20,0,0
2022-02-12 11:36:38.103724,bp,7,33.22999954223633,1,2,20,0,0
2022-02-12 11:44:42.166335,bp,7,33.22999954223633,1,2,20,0,0
2022-02-12 11:52:06.682243,bp,7,33.22999954223633,1,2,20,0,0
2022-02-12 11:58:05.794001,bp,7,33.22999954223633,1,2,20,0,0
2022-02-12 12:06:27.698968,bp,7,33.22999954223633,5,2,20,1,0
2022-02-12 12:16:57.135542,bp,7,33.22999954223633,4,2,20,1,0
2022-02-12 12:27:54.352956,bp,7,33.22999954223633,4,2,20,0,0
2022-02-12 12:54:08.452798,bp,6,33.22999954223633,4,0,20,1,0
2022-02-12 13:01:22.313866,bp,10,33.22999954223633,2,0,20,0,0
2022-02-12 13:11:05.999177,bp,9,33.22999954223633,3,1,20,0,0
2022-02-12 13:18:41.683002,bp,9,33.22999954223633,2,1,20,0,0
2022-02-12 13:25:55.549998,bp,9,33.22999954223633,2,1,20,0,0
2022-02-12 13:31:50.990806,bp,9,33.22999954223633,2,1,20,0,0
2022-02-12 13:40:30.076785,bp,8,33.22999954223633,1,1,20,0,0
2022-02-12 13:46:26.263433,bp,9,33.22999954223633,1,1,20,0,0
2022-02-12 13:54:03.527625,bp,8,33.22999954223633,1,1,20,0,0
2022-02-12 14:01:16.142514,bp,8,33.22999954223633,1,0,20,0,0
2022-02-12 14:08:33.169314,bp,9,33.22999954223633,1,0,20,0,0
2022-02-12 14:14:45.251698,bp,6,33.22999954223633,1,0,20,0,0
2022-02-12 14:21:55.619892,bp,6,33.22999954223633,1,0,20,0,0
2022-02-12 14:27:51.042006,bp,5,33.22999954223633,1,0,20,0,0
2022-02-12 14:35:35.863462,bp,5,33.22999954223633,1,0,20,0,0
2022-02-12 14:44:53.841069,bp,5,33.22999954223633,1,0,20,1,0
2022-02-12 14:52:16.790462,bp,5,33.22999954223633,1,0,20,1,0
2022-02-12 14:59:26.172220,bp,10,33.22999954223633,1,0,20,0,0
2022-02-12 15:08:45.893711,bp,11,33.22999954223633,1,0,20,0,0
2022-02-12 15:17:17.861552,bp,8,33.22999954223633,0,0,20,0,0
2022-02-12 15:31:04.773225,bp,8,33.22999954223633,0,0,20,0,0
2022-02-12 15:36:56.729793,bp,8,33.22999954223633,0,0,20,0,0
2022-02-12 15:45:13.144843,bp,8,33.22999954223633,0,0,20,0,0
2022-02-12 15:51:24.457478,bp,5,33.22999954223633,0,0,20,0,0
2022-02-12 15:57:29.118229,bp,5,33.22999954223633,0,0,20,0,0
2022-02-12 16:04:37.496759,bp,6,33.22999954223633,0,0,20,2,0
2022-02-12 16:14:32.946642,bp,7,33.22999954223633,0,1,20,2,0
2022-02-12 16:25:30.826134,bp,4,33.22999954223633,0,1,20,1,0
2022-02-12 16:35:25.768868,bp,8,33.22999954223633,2,1,20,1,0
2022-02-12 16:43:53.189479,bp,9,33.22999954223633,2,1,20,1,0
2022-02-12 16:52:05.182411,bp,9,33.22999954223633,2,1,20,1,0
2022-02-12 16:59:21.074466,bp,10,33.22999954223633,2,1,20,1,0
2022-02-12 17:06:52.631707,bp,10,33.22999954223633,2,1,20,0,1
2022-02-12 17:14:03.700087,bp,11,33.22999954223633,2,1,20,0,1
2022-02-12 17:21:38.481086,bp,12,33.22999954223633,2,1,20,0,1
2022-02-12 17:27:50.559230,bp,10,33.22999954223633,2,1,20,0,1
2022-02-12 17:38:55.787912,bp,11,33.22999954223633,1,2,20,0,1
2022-02-12 17:46:07.839359,bp,9,33.22999954223633,1,1,20,0,1
2022-02-12 18:02:01.020338,bp,6,33.22999954223633,1,2,20,0,1
2022-02-12 18:07:57.987863,bp,6,33.22999954223633,1,1,20,0,0
2022-02-12 18:13:59.175582,bp,7,33.22999954223633,2,1,20,0,0
2022-02-12 18:20:02.311848,bp,6,33.22999954223633,1,1,20,0,0
2022-02-12 18:28:34.099363,bp,6,33.22999954223633,0,0,20,1,0
2022-02-12 18:36:17.815653,bp,6,33.22999954223633,0,0,20,0,0
2022-02-12 18:46:43.910816,bp,7,33.22999954223633,0,0,20,0,0
2022-02-12 18:56:03.077479,bp,8,33.22999954223633,1,0,20,0,0
2022-02-12 19:03:24.250404,bp,6,33.22999954223633,1,0,20,0,1
2022-02-12 19:12:02.607389,bp,6,33.22999954223633,1,0,20,0,1
2022-02-12 19:21:45.755087,bp,8,33.22999954223633,2,0,20,0,1
2022-02-12 19:29:01.340853,bp,7,33.22999954223633,2,0,20,0,1
2022-02-12 19:34:59.700307,bp,5,33.22999954223633,2,0,20,0,1
2022-02-12 19:42:45.683662,bp,5,33.22999954223633,2,0,20,0,1
2022-02-12 19:51:14.649906,bp,5,33.22999954223633,1,0,20,0,1
2022-02-12 19:57:36.380104,bp,7,33.22999954223633,1,0,20,0,1
2022-02-12 20:04:12.961044,bp,7,33.22999954223633,1,0,20,0,0
2022-02-12 20:12:13.555107,bp,11,33.22999954223633,2,1,20,0,0
2022-02-12 20:19:30.687534,bp,6,33.22999954223633,0,0,20,0,0
2022-02-12 20:29:58.580654,bp,6,33.22999954223633,0,0,20,0,0
2022-02-12 20:39:13.658302,bp,8,33.22999954223633,1,1,20,0,0
2022-02-12 20:47:12.775505,bp,8,33.22999954223633,1,1,20,0,0
2022-02-12 20:55:51.946952,bp,7,33.22999954223633,1,1,20,0,0
2022-02-12 21:03:26.083675,bp,12,33.22999954223633,3,1,20,0,0
2022-02-12 21:10:59.921694,bp,15,33.22999954223633,4,1,20,0,0
2022-02-12 21:18:57.258651,bp,13,33.22999954223633,2,1,20,0,0
2022-02-12 21:26:20.190702,bp,12,33.22999954223633,1,1,20,2,1
2022-02-12 21:33:33.338113,bp,10,33.22999954223633,1,0,20,2,1
2022-02-12 21:39:43.523778,bp,14,33.22999954223633,1,2,20,2,1
2022-02-12 21:49:37.992850,bp,13,33.22999954223633,0,0,20,2,1
2022-02-12 21:56:22.812367,bp,13,33.22999954223633,0,0,20,2,1
2022-02-12 22:03:37.201040,bp,15,33.22999954223633,3,1,20,2,0
2022-02-12 22:14:45.695540,bp,11,33.22999954223633,1,0,20,2,0
2022-02-12 22:20:44.627538,bp,11,33.22999954223633,1,0,20,0,0
2022-02-12 22:28:02.056850,bp,9,33.22999954223633,1,0,20,0,0
2022-02-12 22:36:16.157513,bp,7,33.22999954223633,0,0,20,0,0
2022-02-12 22:43:27.334456,bp,7,33.22999954223633,1,2,20,1,1
2022-02-12 22:51:31.984486,bp,8,33.22999954223633,1,2,20,0,0
2022-02-12 23:01:12.857251,bp,9,33.22999954223633,2,2,20,0,0
2022-02-12 23:11:29.423435,bp,12,33.22999954223633,3,2,20,0,0
2022-02-12 23:17:26.224772,bp,9,33.22999954223633,2,2,20,0,0
2022-02-12 23:25:56.810849,bp,9,33.22999954223633,1,2,20,0,0
2022-02-12 23:34:22.732409,bp,10,33.22999954223633,2,0,20,0,0
2022-02-12 23:41:52.836551,bp,10,33.22999954223633,2,0,20,0,0
2022-02-12 23:50:59.252887,bp,9,33.22999954223633,2,0,20,0,0
2022-02-12 23:58:27.790988,bp,6,33.22999954223633,2,0,20,0,0
2022-02-13 00:07:29.121695,bp,5,33.22999954223633,1,0,20,0,0
2022-02-13 00:13:59.447523,bp,5,33.22999954223633,1,0,20,0,0
2022-02-13 00:24:51.866893,bp,6,33.22999954223633,1,0,20,0,0
2022-02-13 00:32:49.598947,bp,6,33.22999954223633,0,0,20,0,0
2022-02-13 00:40:19.645811,bp,6,33.22999954223633,0,0,20,0,0
2022-02-13 00:47:46.517959,bp,7,33.22999954223633,0,1,20,0,0
2022-02-13 00:54:51.343362,bp,7,33.22999954223633,0,1,20,0,0
2022-02-13 01:02:04.100661,bp,9,33.22999954223633,0,0,20,0,0
2022-02-13 01:09:48.716560,bp,12,33.22999954223633,1,0,20,1,0
2022-02-13 01:16:55.933885,bp,14,33.22999954223633,2,0,20,0,0
2022-02-13 01:24:40.714896,bp,12,33.22999954223633,2,0,20,1,0
2022-02-13 01:34:22.019471,bp,8,33.22999954223633,2,0,20,1,0
2022-02-13 01:46:32.791935,bp,6,33.22999954223633,1,0,20,1,0
2022-02-13 01:54:07.021366,bp,8,33.22999954223633,1,0,20,1,0
2022-02-13 02:04:00.551902,bp,7,33.22999954223633,1,1,20,0,0
2022-02-13 02:13:00.333046,bp,9,33.22999954223633,1,1,20,0,0
2022-02-13 02:18:53.114204,bp,6,33.22999954223633,1,0,20,0,0
2022-02-13 02:27:29.714591,bp,6,33.22999954223633,1,0,20,0,0
2022-02-13 02:35:24.383778,bp,6,33.22999954223633,0,0,20,0,0
2022-02-13 02:43:13.267866,bp,7,33.22999954223633,0,0,20,0,0
2022-02-13 02:51:59.786705,bp,8,33.22999954223633,0,0,20,0,0
2022-02-13 02:57:51.407193,bp,9,33.22999954223633,0,0,20,0,0
2022-02-13 03:06:04.210916,bp,9,33.22999954223633,0,0,20,0,0
2022-02-13 03:14:07.034524,bp,11,33.22999954223633,0,0,20,0,0
2022-02-13 03:21:41.293100,bp,12,33.22999954223633,1,0,20,0,0
2022-02-13 03:28:51.765150,bp,12,33.22999954223633,1,0,20,0,0
2022-02-13 03:34:52.800333,bp,7,33.22999954223633,1,0,20,0,0
2022-02-13 03:52:19.007261,bp,1,33.22999954223633,1,0,20,0,0
2022-02-13 03:59:39.392366,bp,5,33.22999954223633,1,1,20,0,0
2022-02-13 04:05:37.591928,bp,5,33.22999954223633,1,1,20,0,0
2022-02-13 04:12:47.164168,bp,3,33.22999954223633,1,1,20,0,0
2022-02-13 04:21:08.775654,bp,3,33.22999954223633,1,1,20,0,0
2022-02-13 04:28:17.424079,bp,4,33.22999954223633,1,1,20,0,0
2022-02-13 04:36:24.508531,bp,4,33.22999954223633,1,1,20,0,0
2022-02-13 04:47:20.936127,bp,8,33.22999954223633,1,1,20,0,0
2022-02-13 04:55:20.561934,bp,6,33.22999954223633,0,0,20,0,0
2022-02-13 05:02:41.538768,bp,8,33.22999954223633,2,0,20,0,0
2022-02-13 05:10:43.791658,bp,6,33.22999954223633,2,0,20,0,0
2022-02-13 05:16:38.901246,bp,6,33.22999954223633,2,0,20,0,0
2022-02-13 05:24:54.684284,bp,7,33.22999954223633,2,0,20,0,0
2022-02-13 05:33:19.930755,bp,8,33.22999954223633,2,0,20,0,0
2022-02-13 05:48:25.865530,bp,3,33.22999954223633,0,0,20,0,0
2022-02-13 05:55:48.862712,bp,3,33.22999954223633,0,0,20,0,0
2022-02-13 06:04:28.405506,bp,8,33.22999954223633,0,0,20,0,0
2022-02-13 06:12:37.623055,bp,11,33.22999954223633,0,2,20,0,0
2022-02-13 06:24:47.769404,bp,10,33.22999954223633,0,2,20,0,0
2022-02-13 06:33:22.821486,bp,9,33.22999954223633,0,2,20,0,0
2022-02-13 06:40:32.104497,bp,11,33.22999954223633,0,3,20,0,0
2022-02-13 06:48:44.943468,bp,12,33.22999954223633,0,4,20,0,0
2022-02-13 06:56:46.957774,bp,11,33.22999954223633,0,4,20,1,0
2022-02-13 07:03:10.735825,bp,13,33.22999954223633,0,5,20,1,0
2022-02-13 07:10:37.672098,bp,9,33.22999954223633,1,3,20,2,0
2022-02-13 07:18:19.423731,bp,7,33.22999954223633,1,3,20,1,0
2022-02-13 07:24:25.086514,bp,9,33.22999954223633,2,3,20,0,0
2022-02-13 07:32:03.056579,bp,9,33.22999954223633,2,2,20,0,0
2022-02-13 07:50:52.056068,bp,6,33.22999954223633,2,1,20,0,0
2022-02-13 07:56:47.587349,bp,6,33.22999954223633,2,1,20,1,0
2022-02-13 08:04:17.232150,bp,6,33.22999954223633,1,1,20,0,0
2022-02-13 08:12:22.958088,bp,6,33.22999954223633,2,1,20,0,0
2022-02-13 08:19:51.466966,bp,7,33.22999954223633,1,1,20,0,0
2022-02-13 08:27:05.726988,bp,7,33.22999954223633,0,1,20,0,0
2022-02-13 08:33:03.592733,bp,6,33.22999954223633,0,1,20,0,0
2022-02-13 08:39:14.305743,bp,6,33.22999954223633,0,0,20,0,0
2022-02-13 08:45:15.424190,bp,6,33.22999954223633,0,0,20,0,0
2022-02-13 08:51:13.614848,bp,6,33.22999954223633,0,0,20,0,0
2022-02-13 09:02:25.874767,bp,9,33.22999954223633,0,0,20,0,0
2022-02-13 09:08:21.723907,bp,10,33.22999954223633,0,0,20,0,0
2022-02-13 09:14:18.064798,bp,11,33.22999954223633,0,1,20,0,0
2022-02-13 09:21:42.658381,bp,11,33.22999954223633,0,1,20,0,0
2022-02-13 09:27:56.725318,bp,12,33.22999954223633,1,0,20,0,0
2022-02-13 09:45:47.239856,bp,13,33.22999954223633,2,0,20,0,0
2022-02-13 09:54:47.379315,bp,10,33.22999954223633,2,0,20,0,0
2022-02-13 10:08:38.324143,bp,11,33.22999954223633,2,0,20,0,0
2022-02-13 10:16:16.722845,bp,13,33.22999954223633,2,0,20,0,0
2022-02-13 10:23:29.652331,bp,11,33.22999954223633,2,0,20,0,0
2022-02-13 10:29:27.275785,bp,11,33.22999954223633,1,0,20,0,0
2022-02-13 10:35:25.429130,bp,11,33.22999954223633,1,1,20,0,0
2022-02-13 10:41:45.149283,bp,11,33.22999954223633,1,1,20,0,0
2022-02-13 10:47:52.296227,bp,10,33.22999954223633,0,1,20,0,0
2022-02-13 10:56:04.518487,bp,9,33.22999954223633,0,1,20,0,0
2022-02-13 11:04:31.584196,bp,9,33.22999954223633,2,1,20,0,0
2022-02-13 11:12:14.603349,bp,7,33.22999954223633,2,1,20,0,1
2022-02-13 11:18:13.943512,bp,5,33.22999954223633,0,1,20,0,1
2022-02-13 11:24:10.985916,bp,6,33.22999954223633,0,1,20,0,1
2022-02-13 11:31:54.867654,bp,7,33.22999954223633,1,1,20,0,1
2022-02-13 11:39:11.097433,bp,6,33.22999954223633,1,1,20,0,1
2022-02-13 11:48:50.850505,bp,5,33.22999954223633,1,1,20,0,1
2022-02-13 11:57:56.288804,bp,4,33.22999954223633,0,1,20,0,0
2022-02-13 12:05:36.968106,bp,6,33.22999954223633,0,0,20,0,0
2022-02-13 12:12:47.155803,bp,6,33.22999954223633,0,0,20,0,0
2022-02-13 12:20:22.376483,bp,5,33.22999954223633,0,0,20,0,0
2022-02-13 12:27:53.771366,bp,6,33.22999954223633,0,0,20,0,0
2022-02-13 12:35:11.672259,bp,9,33.22999954223633,1,0,20,0,0
2022-02-13 12:43:38.618993,bp,11,33.22999954223633,1,1,20,0,0
2022-02-13 12:50:51.052445,bp,9,33.22999954223633,1,1,20,0,0
2022-02-13 12:56:42.815230,bp,9,33.22999954223633,1,1,20,0,0
2022-02-13 13:04:23.297791,bp,8,33.22999954223633,0,1,20,0,0
2022-02-13 13:11:30.118599,bp,7,33.22999954223633,0,1,20,1,0
2022-02-13 13:18:38.475320,bp,9,33.22999954223633,1,1,20,0,0
2022-02-13 13:26:46.004865,bp,8,33.22999954223633,1,1,20,1,0
2022-02-13 13:33:51.431146,bp,8,33.22999954223633,1,1,20,1,0
2022-02-13 13:42:21.082045,bp,6,33.22999954223633,1,0,20,1,0
2022-02-13 13:51:03.090674,bp,5,33.22999954223633,1,0,20,1,0
2022-02-13 13:58:11.843479,bp,3,33.22999954223633,1,0,20,1,0
2022-02-13 14:05:18.798162,bp,7,33.22999954223633,1,0,20,0,0
2022-02-13 14:12:59.188565,bp,7,33.22999954223633,0,1,20,0,0
2022-02-13 14:21:10.253138,bp,7,33.22999954223633,0,1,20,0,0
2022-02-13 14:30:13.427111,bp,8,33.22999954223633,0,1,20,0,0
2022-02-13 14:38:38.971545,bp,8,33.22999954223633,1,1,20,0,0
2022-02-13 14:45:51.421475,bp,8,33.22999954223633,1,1,20,0,0
2022-02-13 14:54:22.180138,bp,10,33.22999954223633,1,2,20,3,0
2022-02-13 15:01:40.470418,bp,10,33.22999954223633,1,2,20,3,0
2022-02-13 15:07:34.948005,bp,9,33.22999954223633,1,1,20,2,0
2022-02-13 15:16:32.370159,bp,10,33.22999954223633,2,1,20,3,0
2022-02-13 15:23:38.948605,bp,8,33.22999954223633,2,1,20,2,0
2022-02-13 15:31:11.891516,bp,7,33.22999954223633,3,2,20,2,0
2022-02-13 15:38:21.083860,bp,6,33.22999954223633,2,2,20,2,0
2022-02-13 15:44:21.556020,bp,7,33.22999954223633,2,2,20,3,0
2022-02-13 15:50:17.155748,bp,3,33.22999954223633,1,0,20,2,0
2022-02-13 16:00:22.111091,bp,7,33.22999954223633,1,1,20,0,0
2022-02-13 16:07:38.219831,bp,7,33.22999954223633,1,1,20,0,0
2022-02-13 16:14:49.893580,bp,5,33.22999954223633,1,1,20,0,0
2022-02-13 16:28:13.694333,bp,6,33.22999954223633,0,0,20,0,0
2022-02-13 16:40:13.405155,bp,8,33.22999954223633,1,0,20,0,0
2022-02-13 16:47:22.917121,bp,13,33.22999954223633,1,1,20,0,0
2022-02-13 16:58:39.763683,bp,17,33.22999954223633,2,2,20,1,0
2022-02-13 17:06:10.638240,bp,25,33.22999954223633,5,4,20,1,0
2022-02-13 17:13:47.405726,bp,23,33.22999954223633,5,4,20,1,0
2022-02-13 17:21:47.178038,bp,20,33.22999954223633,3,3,20,0,0
2022-02-13 17:30:15.026316,bp,18,33.22999954223633,2,3,20,0,0
2022-02-13 17:37:35.532919,bp,16,33.22999954223633,1,4,20,0,0
2022-02-13 17:44:50.699347,bp,16,33.22999954223633,2,3,20,0,0
2022-02-13 17:54:33.355992,bp,16,33.22999954223633,2,3,20,0,0
2022-02-13 18:00:29.570542,bp,19,33.22999954223633,3,4,20,0,0
2022-02-13 18:06:33.313333,bp,19,33.22999954223633,3,4,20,0,0
2022-02-13 18:13:57.611623,bp,14,33.22999954223633,3,1,20,0,0
2022-02-13 18:21:22.102545,bp,11,33.22999954223633,2,1,20,0,0
2022-02-13 18:28:33.864866,bp,11,33.22999954223633,2,0,20,0,0
2022-02-13 18:36:02.133743,bp,9,33.22999954223633,1,0,20,0,0
2022-02-13 18:43:16.469527,bp,7,33.22999954223633,0,0,20,0,0
2022-02-13 18:51:50.339051,bp,6,33.22999954223633,0,0,20,0,1
2022-02-13 18:59:25.437997,bp,6,33.22999954223633,0,0,20,0,1
2022-02-13 19:05:39.860276,bp,5,33.22999954223633,0,0,20,0,1
2022-02-13 19:12:19.964283,bp,7,33.22999954223633,0,0,20,1,1
2022-02-13 19:18:20.121907,bp,4,33.22999954223633,0,1,20,0,1
2022-02-13 19:26:46.756417,bp,5,33.22999954223633,0,1,20,0,1
2022-02-13 19:35:13.141233,bp,5,33.22999954223633,0,1,20,1,1
2022-02-13 19:42:45.666570,bp,6,33.22999954223633,0,1,20,1,0
2022-02-13 19:50:10.913264,bp,5,33.22999954223633,0,1,20,0,0
2022-02-13 19:56:08.516518,bp,7,33.22999954223633,0,1,20,0,0
2022-02-13 20:03:33.296680,bp,13,33.22999954223633,0,2,20,0,0
2022-02-13 20:09:29.580902,bp,9,33.22999954223633,0,1,20,1,0
2022-02-13 20:17:31.976444,bp,11,33.22999954223633,0,1,20,0,0
2022-02-13 20:24:41.980669,bp,10,33.22999954223633,0,0,20,0,0
2022-02-13 20:31:52.466520,bp,10,33.22999954223633,0,0,20,0,0
2022-02-13 20:39:05.667757,bp,7,33.22999954223633,0,0,20,0,0
2022-02-13 20:45:04.186280,bp,8,33.22999954223633,1,0,20,0,0
2022-02-13 20:55:08.032410,bp,7,33.22999954223633,0,0,20,0,0
2022-02-13 21:02:01.286498,bp,7,33.22999954223633,0,0,20,0,0
2022-02-13 21:11:50.200671,bp,6,33.22999954223633,0,0,20,0,0
2022-02-13 21:18:59.814642,bp,5,33.22999954223633,2,0,20,0,0
2022-02-13 21:24:57.790328,bp,4,33.22999954223633,0,0,20,0,1
2022-02-13 21:30:55.926443,bp,4,33.22999954223633,2,0,20,0,0
2022-02-13 21:38:56.747808,bp,5,33.22999954223633,3,1,20,0,0
2022-02-13 21:46:29.682837,bp,4,33.22999954223633,1,1,20,0,0
2022-02-13 21:52:25.553701,bp,4,33.22999954223633,1,1,20,0,0
2022-02-13 21:59:36.411754,bp,8,33.22999954223633,4,2,20,0,0
2022-02-13 22:07:03.471910,bp,7,33.22999954223633,4,2,20,0,0
2022-02-13 22:14:39.209613,bp,6,33.22999954223633,2,2,20,0,1
2022-02-13 22:22:00.483124,bp,5,33.22999954223633,2,1,20,0,1
2022-02-13 22:31:49.987745,bp,7,33.22999954223633,3,2,20,0,2
2022-02-13 22:39:30.226520,bp,6,33.22999954223633,3,1,20,0,1
2022-02-13 22:48:08.569136,bp,8,33.22999954223633,3,1,20,0,1
2022-02-13 22:55:19.200893,bp,10,33.22999954223633,3,1,20,0,1
2022-02-13 23:02:28.772537,bp,13,33.22999954223633,4,1,20,0,2
2022-02-13 23:09:59.246724,bp,15,33.22999954223633,4,1,20,0,1
2022-02-13 23:16:01.986151,bp,13,33.22999954223633,2,1,20,0,1
2022-02-13 23:22:03.718745,bp,11,33.22999954223633,3,1,20,0,1
2022-02-13 23:33:53.398297,bp,7,33.22999954223633,0,0,20,0,0
2022-02-13 23:41:15.277299,bp,7,33.22999954223633,0,0,20,0,0
2022-02-13 23:48:14.621068,bp,8,33.22999954223633,1,0,20,0,1
2022-02-13 23:55:36.638003,bp,9,33.22999954223633,1,0,20,0,0
2022-02-14 00:03:03.139908,bp,11,33.22999954223633,1,0,20,0,0
2022-02-14 00:09:00.085622,bp,10,33.22999954223633,1,0,20,0,0
2022-02-14 00:16:14.341287,bp,12,33.22999954223633,2,0,20,0,0
2022-02-14 00:24:10.779499,bp,12,33.22999954223633,2,0,20,0,0
2022-02-14 00:30:21.392976,bp,12,33.22999954223633,2,0,20,0,0
2022-02-14 00:39:24.875730,bp,9,33.22999954223633,2,0,20,0,0
2022-02-14 00:49:20.489683,bp,8,33.22999954223633,3,0,20,0,0
2022-02-14 00:57:46.836117,bp,16,33.22999954223633,4,2,20,0,0
2022-02-14 01:06:13.228775,bp,14,33.22999954223633,4,2,20,0,0
2022-02-14 01:12:29.981551,bp,13,33.22999954223633,3,2,20,0,0
2022-02-14 01:22:12.278929,bp,8,33.22999954223633,1,2,20,0,0
2022-02-14 01:29:21.634733,bp,6,33.22999954223633,2,0,20,0,1
2022-02-14 01:40:31.618055,bp,6,33.22999954223633,1,0,20,0,1
2022-02-14 01:51:09.493355,bp,6,33.22999954223633,1,0,20,0,1
2022-02-14 01:58:52.741283,bp,7,33.22999954223633,0,1,20,0,0
2022-02-14 02:08:33.068246,bp,13,33.22999954223633,0,1,20,0,0
2022-02-14 02:17:33.397536,bp,13,33.22999954223633,1,1,20,0,0
2022-02-14 02:24:44.717901,bp,10,33.22999954223633,1,1,20,0,0
2022-02-14 02:33:09.816924,bp,14,33.22999954223633,3,1,20,0,0
2022-02-14 02:44:08.635119,bp,14,33.22999954223633,4,1,20,0,0
2022-02-14 02:50:03.419157,bp,17,33.22999954223633,4,1,20,0,0
2022-02-14 02:57:52.715683,bp,15,33.22999954223633,4,0,20,0,0
2022-02-14 03:05:32.133887,bp,17,33.22999954223633,3,2,20,0,0
2022-02-14 03:13:20.169692,bp,20,33.22999954223633,2,2,20,1,0
2022-02-14 03:22:06.311868,bp,19,33.22999954223633,2,3,20,1,0
2022-02-14 03:29:17.015680,bp,17,33.22999954223633,2,4,20,0,0
2022-02-14 03:37:53.152318,bp,18,33.22999954223633,0,4,20,0,0
2022-02-14 03:45:39.349639,bp,15,33.22999954223633,0,3,20,0,0
2022-02-14 03:51:45.154530,bp,15,33.22999954223633,0,4,20,0,0
2022-02-14 03:59:19.646024,bp,13,33.22999954223633,0,2,20,0,0
2022-02-14 04:06:37.085246,bp,20,33.22999954223633,0,2,20,0,0
2022-02-14 04:14:22.934492,bp,21,33.22999954223633,1,2,20,0,0
2022-02-14 04:21:35.296639,bp,21,33.22999954223633,1,2,20,0,0
2022-02-14 04:29:02.180453,bp,15,33.22999954223633,3,1,20,0,0
2022-02-14 04:36:27.742711,bp,15,33.22999954223633,3,1,20,0,0
2022-02-14 04:43:56.659431,bp,15,33.22999954223633,3,1,20,1,0
2022-02-14 04:51:07.371613,bp,16,33.22999954223633,4,1,20,1,0
2022-02-14 04:58:19.141058,bp,18,33.22999954223633,4,1,20,1,0
2022-02-14 05:09:16.236262,bp,19,33.22999954223633,5,1,20,1,0
2022-02-14 05:18:55.161862,bp,19,33.22999954223633,5,1,20,1,0
2022-02-14 05:25:26.030535,bp,15,33.22999954223633,2,1,20,0,0
2022-02-14 05:32:57.978634,bp,18,33.22999954223633,3,1,20,0,0
2022-02-14 05:39:13.472902,bp,23,33.22999954223633,3,1,20,0,0
2022-02-14 05:46:48.922015,bp,17,33.22999954223633,2,0,20,0,0
2022-02-14 05:54:08.282041,bp,13,33.22999954223633,1,0,20,0,0
2022-02-14 06:00:35.036351,bp,19,33.22999954223633,4,0,20,0,0
2022-02-14 06:10:15.878344,bp,17,33.22999954223633,5,0,20,0,0
2022-02-14 06:17:31.900442,bp,17,33.22999954223633,5,0,20,0,0
2022-02-14 06:26:17.940702,bp,17,33.22999954223633,4,0,20,0,0
2022-02-14 06:32:27.804055,bp,16,33.22999954223633,9,0,20,0,0
2022-02-14 06:49:15.112648,bp,13,33.22999954223633,7,1,20,0,0
2022-02-14 06:55:30.047080,bp,13,33.22999954223633,7,1,20,0,0
2022-02-14 07:05:46.596449,bp,21,33.22999954223633,13,3,20,0,0
2022-02-14 07:15:29.581158,bp,24,33.22999954223633,13,2,20,0,0
2022-02-14 07:32:46.823772,bp,17,32.81999969482422,12,3,20,0,0
2022-02-14 07:41:21.931183,bp,19,32.7400016784668,11,3,20,0,0
2022-02-14 07:47:34.722838,bp,14,32.619998931884766,6,1,20,0,0
2022-02-14 07:56:40.123302,bp,15,32.61000061035156,6,1,20,0,0
2022-02-14 08:05:25.867435,bp,28,32.56999969482422,10,2,20,0,0
2022-02-14 08:11:30.845348,bp,26,32.69499969482422,4,3,20,0,0
2022-02-14 08:19:09.522192,bp,29,32.54999923706055,5,3,20,0,0
2022-02-14 08:25:40.902591,bp,29,32.47999954223633,5,3,20,0,0
2022-02-14 08:32:16.364296,bp,29,32.345001220703125,5,2,20,0,0
2022-02-14 08:38:18.767729,bp,27,32.380001068115234,5,1,20,0,0
2022-02-14 08:46:05.931399,bp,22,32.3849983215332,5,1,20,0,0
2022-02-14 08:53:55.177976,bp,19,32.28499984741211,5,1,20,0,0
2022-02-14 09:03:44.751956,bp,22,32.33000183105469,3,3,20,0,0
2022-02-14 09:09:46.799760,bp,17,32.275001525878906,2,2,20,0,0
2022-02-14 09:19:29.313516,bp,13,32.35060119628906,2,0,20,1,0
2022-02-14 09:26:06.481544,bp,13,32.4098014831543,1,0,20,0,0
2022-02-14 09:33:28.473615,bp,15,32.439998626708984,1,0,20,0,0
2022-02-14 09:41:40.010064,bp,18,32.3849983215332,1,0,20,0,0
2022-02-14 09:49:46.665004,bp,20,32.43000030517578,2,0,20,0,0
2022-02-14 09:55:44.478954,bp,17,32.39500045776367,1,0,20,0,0
2022-02-14 10:03:12.941721,bp,24,32.39500045776367,3,0,20,0,0
2022-02-14 10:11:46.147000,bp,26,32.30500030517578,2,1,20,0,0
2022-02-14 10:26:32.774368,bp,18,32.26499938964844,3,2,20,0,0
2022-02-14 10:32:38.621097,bp,12,32.2599983215332,1,1,20,0,0
2022-02-14 10:42:29.466913,bp,11,32.279998779296875,2,1,20,0,0
2022-02-14 10:50:19.801943,bp,12,32.34659957885742,2,2,20,0,0
2022-02-14 10:57:57.117416,bp,14,32.32500076293945,3,3,20,0,0
2022-02-14 11:11:59.995832,bp,12,32.3650016784668,2,2,20,0,0
2022-02-14 11:19:57.241888,bp,14,32.35660171508789,2,2,20,0,0
2022-02-14 11:27:16.414017,bp,11,32.34000015258789,0,2,20,0,0
2022-02-14 11:34:19.238612,bp,9,32.29499816894531,0,1,20,0,0
2022-02-14 11:44:14.849401,bp,8,32.29499816894531,0,0,20,0,0
2022-02-14 11:53:51.966702,bp,8,32.209999084472656,0,0,20,0,0
2022-02-14 12:02:20.521793,bp,20,32.45000076293945,3,0,20,0,0
2022-02-14 12:12:01.759891,bp,18,32.56999969482422,2,1,20,0,0
2022-02-14 12:20:50.327454,bp,15,32.43000030517578,4,1,20,0,0
2022-02-14 12:28:05.832786,bp,15,32.45000076293945,4,1,20,0,0
2022-02-14 12:36:18.803799,bp,17,32.41590118408203,4,1,20,1,0
2022-02-14 12:53:12.917935,bp,11,32.310001373291016,3,1,20,1,0
2022-02-14 13:01:47.669386,bp,17,32.29499816894531,6,3,20,2,0
2022-02-14 13:12:53.575857,bp,19,32.275001525878906,3,2,20,2,0
2022-02-14 13:27:25.358681,bp,17,32.30619812011719,4,1,20,1,0
2022-02-14 13:35:03.305773,bp,21,32.375,5,1,20,0,0
2022-02-14 13:41:08.906524,bp,19,32.375,4,1,20,0,0
2022-02-14 13:51:33.915874,bp,18,32.42499923706055,4,2,20,0,0
2022-02-14 13:59:01.112706,bp,17,32.42509841918945,3,2,20,0,0
2022-02-14 14:06:42.387554,bp,20,32.45000076293945,4,2,20,0,0
2022-02-14 14:13:20.283766,bp,22,32.45000076293945,5,2,20,0,0
2022-02-14 14:20:55.888276,bp,19,32.45000076293945,4,2,20,0,0
2022-02-14 14:29:49.471475,bp,15,32.45000076293945,3,1,20,0,0
2022-02-14 14:37:02.652803,bp,13,32.45000076293945,2,1,20,0,0
2022-02-14 14:51:19.633257,bp,17,32.45000076293945,2,2,20,0,0
2022-02-14 14:59:19.912886,bp,17,32.45000076293945,2,2,20,0,0
2022-02-14 15:06:51.828956,bp,24,32.45000076293945,2,4,20,0,0
2022-02-14 15:14:21.014629,bp,25,32.45000076293945,3,4,20,0,0
2022-02-14 15:24:01.614795,bp,21,32.45000076293945,3,1,20,0,0
2022-02-14 15:31:19.355000,bp,18,32.45000076293945,2,1,20,0,0
2022-02-14 15:40:34.567445,bp,16,32.45000076293945,2,1,20,0,0
2022-02-14 15:46:52.471106,bp,16,32.45000076293945,2,0,20,0,0
2022-02-14 15:54:31.625198,bp,14,32.45000076293945,2,0,20,0,0
2022-02-14 16:02:28.133647,bp,19,32.45000076293945,3,1,20,0,0
2022-02-14 16:09:42.162439,bp,15,32.45000076293945,2,1,20,0,0
2022-02-14 16:18:11.342591,bp,16,32.45000076293945,2,0,20,0,0
2022-02-14 16:25:56.833065,bp,15,32.45000076293945,2,0,20,0,0
2022-02-14 16:33:11.778275,bp,11,32.45000076293945,2,2,20,0,0
2022-02-14 16:42:42.478471,bp,10,32.45000076293945,0,1,20,0,0
2022-02-14 16:51:24.636668,bp,13,32.45000076293945,0,1,20,0,0
2022-02-14 16:59:25.446718,bp,16,32.45000076293945,1,1,20,0,0
2022-02-14 17:08:07.203757,bp,20,32.45000076293945,2,2,20,0,0
2022-02-14 17:15:29.942113,bp,18,32.45000076293945,1,2,20,0,0
2022-02-14 17:32:27.619329,bp,10,32.45000076293945,0,1,20,0,0
2022-02-14 17:43:10.596538,bp,10,32.45000076293945,0,1,20,0,0
2022-02-14 17:51:33.389654,bp,11,32.45000076293945,0,2,20,0,0
2022-02-14 17:59:03.651717,bp,17,32.45000076293945,4,1,20,0,0
2022-02-14 18:07:40.591287,bp,9,32.45000076293945,2,1,20,0,0
2022-02-14 18:17:25.538144,bp,12,32.45000076293945,2,1,20,0,0
2022-02-14 18:24:09.603823,bp,13,32.45000076293945,3,2,20,0,0
2022-02-14 18:34:53.782371,bp,10,32.45000076293945,3,1,20,0,0
2022-02-14 18:43:29.311555,bp,8,32.45000076293945,2,1,20,0,0
2022-02-14 18:51:13.510241,bp,7,32.45000076293945,2,0,20,0,0
2022-02-14 18:59:46.883088,bp,13,32.45000076293945,1,0,20,0,0
2022-02-14 19:06:10.605330,bp,12,32.45000076293945,1,0,20,0,0
2022-02-14 19:13:41.043372,bp,14,32.45000076293945,4,2,20,0,0
2022-02-14 19:22:34.912769,bp,13,32.45000076293945,4,2,20,0,0
2022-02-14 19:35:23.175125,bp,14,32.45000076293945,6,5,20,0,0
2022-02-14 19:41:37.885219,bp,15,32.45000076293945,5,5,20,1,0
2022-02-14 19:50:07.587650,bp,14,32.45000076293945,5,5,20,1,0
2022-02-14 19:59:08.331792,bp,14,32.45000076293945,5,5,20,1,0
2022-02-14 20:06:31.378138,bp,16,32.45000076293945,6,4,20,1,0
2022-02-14 20:14:17.678502,bp,12,32.45000076293945,3,4,20,0,0
2022-02-14 20:21:28.118438,bp,9,32.45000076293945,3,3,20,0,0
2022-02-14 20:27:24.533215,bp,11,32.45000076293945,5,3,20,1,0
2022-02-14 20:35:47.072728,bp,11,32.45000076293945,3,2,20,0,0
2022-02-14 20:43:00.145038,bp,12,32.45000076293945,3,2,20,0,0
2022-02-14 20:51:43.945326,bp,13,32.45000076293945,3,2,20,0,0
2022-02-14 21:02:39.809162,bp,15,32.45000076293945,2,2,20,0,0
2022-02-14 21:11:18.006260,bp,13,32.45000076293945,2,2,20,0,0
2022-02-14 21:18:35.826705,bp,15,32.45000076293945,2,2,20,0,0
2022-02-14 21:26:11.481358,bp,14,32.45000076293945,0,1,20,0,0
2022-02-14 21:36:23.597843,bp,11,32.45000076293945,1,1,20,0,0
2022-02-14 21:43:52.482061,bp,9,32.45000076293945,1,1,20,0,0
2022-02-14 21:51:03.594469,bp,9,32.45000076293945,2,1,20,0,0
2022-02-14 21:58:15.525680,bp,9,32.45000076293945,2,1,20,0,0
2022-02-14 22:05:39.589450,bp,16,32.45000076293945,5,1,20,1,0
2022-02-14 22:13:24.213572,bp,15,32.45000076293945,3,0,20,0,0
2022-02-14 22:20:52.524677,bp,16,32.45000076293945,3,1,20,0,0
2022-02-14 22:28:06.029392,bp,17,32.45000076293945,3,1,20,0,0
2022-02-14 22:37:24.505859,bp,14,32.45000076293945,1,2,20,0,0
2022-02-14 22:46:47.970522,bp,15,32.45000076293945,1,2,20,0,0
2022-02-14 22:54:04.077052,bp,16,32.45000076293945,1,2,20,0,0
2022-02-14 23:00:09.090279,bp,13,32.45000076293945,0,2,20,0,0
2022-02-14 23:07:55.616378,bp,10,32.45000076293945,0,3,20,0,0
2022-02-14 23:16:23.316036,bp,9,32.45000076293945,0,2,20,0,0
2022-02-14 23:24:33.486291,bp,10,32.45000076293945,0,2,20,0,0
2022-02-14 23:32:39.130547,bp,6,32.45000076293945,0,0,20,4,0
2022-02-14 23:39:53.115973,bp,7,32.45000076293945,0,0,20,0,0
2022-02-14 23:45:56.391370,bp,8,32.45000076293945,0,0,20,0,0
2022-02-14 23:53:08.797873,bp,7,32.45000076293945,0,0,20,0,0
2022-02-15 00:01:40.938770,bp,13,32.45000076293945,2,1,20,0,0
2022-02-15 00:12:13.723422,bp,13,32.45000076293945,2,0,20,0,0
2022-02-15 00:19:25.466548,bp,11,32.45000076293945,0,0,20,0,0
2022-02-15 00:33:58.379600,bp,11,32.45000076293945,0,0,20,0,0
2022-02-15 00:43:19.190167,bp,10,32.45000076293945,0,0,20,0,0
2022-02-15 00:50:36.464933,bp,10,32.45000076293945,0,0,20,0,0
2022-02-15 00:57:47.467543,bp,10,32.45000076293945,0,0,20,0,0
2022-02-15 01:06:42.580778,bp,11,32.45000076293945,1,0,20,0,1
2022-02-15 01:15:17.862431,bp,13,32.45000076293945,1,0,20,0,1
2022-02-15 01:23:57.538643,bp,12,32.45000076293945,2,0,20,0,0
2022-02-15 01:31:28.252865,bp,12,32.45000076293945,2,0,20,0,0
2022-02-15 01:41:10.625479,bp,12,32.45000076293945,2,0,20,0,0
2022-02-15 01:47:06.032982,bp,12,32.45000076293945,1,1,20,0,0
2022-02-15 01:55:34.999201,bp,11,32.45000076293945,2,0,20,0,0
2022-02-15 02:06:36.201323,bp,13,32.45000076293945,2,0,20,0,0
2022-02-15 02:15:01.915013,bp,11,32.45000076293945,0,0,20,0,0
2022-02-15 02:22:12.722349,bp,10,32.45000076293945,0,0,20,1,0
2022-02-15 02:28:12.584039,bp,10,32.45000076293945,0,0,20,0,0
2022-02-15 02:36:49.846440,bp,12,32.45000076293945,0,0,20,0,0
2022-02-15 02:45:47.125834,bp,13,32.45000076293945,0,0,20,0,0
2022-02-15 02:55:59.836464,bp,14,32.45000076293945,0,0,20,0,0
2022-02-15 03:02:24.792897,bp,16,32.45000076293945,1,1,20,0,0
2022-02-15 03:08:21.928655,bp,15,32.45000076293945,1,1,20,0,0
2022-02-15 03:14:20.331820,bp,14,32.45000076293945,1,1,20,0,0
2022-02-15 03:21:35.689382,bp,18,32.45000076293945,1,2,20,1,0
2022-02-15 03:27:38.041283,bp,17,32.45000076293945,1,2,20,0,0
2022-02-15 03:33:38.919507,bp,15,32.45000076293945,1,2,20,0,0
2022-02-15 03:39:40.940573,bp,15,32.45000076293945,2,1,20,0,0
2022-02-15 03:45:38.640980,bp,16,32.45000076293945,4,1,20,0,0
2022-02-15 03:51:34.759283,bp,20,32.45000076293945,4,1,20,0,0
2022-02-15 03:57:34.454377,bp,17,32.45000076293945,3,1,20,0,0
2022-02-15 04:03:28.820959,bp,20,32.45000076293945,4,2,20,1,0
2022-02-15 04:09:36.949655,bp,22,32.45000076293945,4,2,20,1,0
2022-02-15 04:15:38.158731,bp,22,32.45000076293945,5,2,20,1,0
2022-02-15 04:21:36.817593,bp,19,32.45000076293945,5,1,20,0,0
2022-02-15 04:27:34.120035,bp,19,32.45000076293945,4,1,20,0,0
2022-02-15 04:33:34.388218,bp,19,32.45000076293945,4,1,20,0,0
2022-02-15 04:39:36.554467,bp,18,32.45000076293945,3,1,20,0,0
2022-02-15 04:45:32.851014,bp,18,32.45000076293945,2,1,20,0,0
2022-02-15 04:51:31.633030,bp,15,32.45000076293945,2,1,20,0,0
2022-02-15 04:57:33.553636,bp,14,32.45000076293945,1,1,20,0,0
2022-02-15 05:03:30.533736,bp,16,32.45000076293945,1,0,20,0,0
2022-02-15 05:09:32.914470,bp,17,32.45000076293945,1,0,20,0,0
2022-02-15 05:15:31.366878,bp,17,32.45000076293945,1,0,20,0,0
2022-02-15 05:21:32.968131,bp,18,32.45000076293945,1,0,20,0,0
2022-02-15 05:27:32.996536,bp,13,32.45000076293945,1,0,20,0,0
2022-02-15 05:33:32.166257,bp,14,32.45000076293945,1,0,20,0,0
2022-02-15 05:39:33.093427,bp,11,32.45000076293945,1,0,20,0,0
2022-02-15 05:45:28.397380,bp,13,32.45000076293945,2,0,20,0,0
2022-02-15 05:51:35.125407,bp,14,32.45000076293945,2,0,20,0,0
2022-02-15 05:57:36.864612,bp,18,32.45000076293945,2,0,20,0,0
2022-02-15 06:03:34.924644,bp,25,32.45000076293945,3,2,20,0,0
2022-02-15 06:09:39.310954,bp,27,32.45000076293945,3,2,20,0,0
2022-02-15 06:15:37.754152,bp,24,32.45000076293945,3,2,20,0,0
2022-02-15 06:21:33.098438,bp,22,32.45000076293945,1,3,20,0,0
2022-02-15 06:27:28.779724,bp,20,32.45000076293945,0,3,20,0,0
2022-02-15 06:33:25.753804,bp,13,32.45000076293945,0,2,20,0,0
2022-02-15 06:39:17.077794,bp,12,32.45000076293945,0,2,20,0,0
2022-02-15 06:45:20.358829,bp,11,32.45000076293945,0,2,20,0,0
2022-02-15 06:51:19.875496,bp,11,32.45000076293945,0,2,20,0,0
2022-02-15 06:57:16.830503,bp,8,32.45000076293945,0,1,20,0,0
2022-02-15 07:03:10.268267,bp,15,32.45000076293945,2,4,20,0,0
2022-02-15 07:09:07.999953,bp,15,32.45000076293945,2,3,20,1,0
2022-02-15 07:15:10.422367,bp,12,32.45000076293945,2,2,20,0,0
2022-02-15 07:21:06.731200,bp,12,32.45000076293945,2,3,20,0,0
2022-02-15 07:27:02.250986,bp,15,32.45000076293945,2,3,20,0,0
2022-02-15 07:33:00.531007,bp,17,31.690000534057617,2,4,20,0,0
2022-02-15 07:38:57.789669,bp,17,31.76129913330078,1,4,20,0,0
2022-02-15 07:44:58.833086,bp,18,31.899999618530273,1,4,20,0,0
2022-02-15 07:50:56.795925,bp,17,31.899999618530273,1,4,20,0,0
2022-02-15 07:56:54.966152,bp,18,31.584999084472656,3,3,20,0,0
2022-02-15 08:02:55.175010,bp,17,31.545000076293945,3,2,20,0,0
2022-02-15 08:08:49.783002,bp,21,31.639999389648438,3,2,20,0,0
2022-02-15 08:14:52.055781,bp,23,31.684999465942383,4,3,20,0,0
2022-02-15 08:20:50.960119,bp,23,31.729999542236328,4,2,20,0,0
2022-02-15 08:26:46.411285,bp,23,31.829999923706055,5,2,20,0,0
2022-02-15 08:32:42.578657,bp,25,31.959999084472656,5,1,20,0,0
2022-02-15 08:38:40.130175,bp,23,32.040000915527344,4,1,20,0,0
2022-02-15 08:44:40.995309,bp,27,32.04499816894531,5,1,20,0,0
2022-02-15 08:50:33.065359,bp,24,32.0463981628418,3,1,20,0,0
2022-02-15 08:56:31.155221,bp,23,32.09000015258789,3,1,20,0,0
2022-02-15 09:02:26.042567,bp,30,32.20000076293945,4,3,20,0,0
2022-02-15 09:08:23.368355,bp,29,32.154998779296875,3,2,21,0,0
2022-02-15 09:14:21.492634,bp,27,32.095001220703125,3,2,20,0,0
2022-02-15 09:20:25.319462,bp,30,32.119998931884766,3,2,20,0,0
2022-02-15 09:26:22.288301,bp,31,32.20000076293945,4,2,20,0,0
2022-02-15 09:32:19.943459,bp,26,32.20500183105469,4,2,20,0,0
2022-02-15 09:38:19.037652,bp,21,32.224998474121094,3,2,20,0,0
2022-02-15 09:44:12.941476,bp,21,32.040000915527344,4,2,20,0,0
2022-02-15 09:50:14.507084,bp,18,32.040000915527344,4,1,20,0,0
2022-02-15 09:56:10.009834,bp,16,32.060001373291016,3,0,20,0,0
2022-02-15 10:02:05.920502,bp,22,32.13010025024414,5,1,20,0,0
2022-02-15 10:08:03.381596,bp,23,32.084999084472656,5,1,20,0,0
2022-02-15 10:14:02.598402,bp,22,32.10499954223633,6,1,20,0,0
2022-02-15 10:20:04.728897,bp,20,32.060699462890625,5,1,20,1,1
2022-02-15 10:25:58.240631,bp,18,32.07500076293945,4,1,20,1,1
2022-02-15 10:31:59.800773,bp,19,32.1150016784668,3,0,20,1,1
2022-02-15 10:37:54.532208,bp,23,32.099998474121094,3,1,20,1,1
2022-02-15 10:43:51.330271,bp,24,32.10499954223633,3,0,20,1,1
2022-02-15 10:49:51.219942,bp,20,32.08100128173828,3,0,20,1,1
2022-02-15 10:55:50.461414,bp,17,32.00979995727539,3,0,20,1,1
2022-02-15 11:02:27.186263,bp,19,32.03499984741211,2,1,20,1,1
2022-02-15 11:08:55.081893,bp,24,32.025001525878906,3,0,20,1,1
2022-02-15 11:14:57.751104,bp,22,32.040000915527344,3,0,20,0,0
2022-02-15 11:20:54.228644,bp,21,32.029998779296875,2,0,20,0,0
2022-02-15 11:26:59.090190,bp,23,32.05500030517578,2,0,20,0,0
2022-02-15 11:33:53.855499,bp,15,32.10499954223633,2,0,20,0,0
2022-02-15 11:40:25.254967,bp,14,32.06999969482422,2,0,20,0,0
2022-02-15 11:46:21.958580,bp,15,32.1150016784668,2,1,20,0,0
2022-02-15 11:52:22.528398,bp,14,32.130001068115234,2,1,20,0,0
2022-02-15 11:58:27.986078,bp,13,32.19499969482422,2,1,20,0,0
2022-02-15 12:04:20.236308,bp,18,32.21500015258789,3,3,20,0,0
2022-02-15 12:10:21.202828,bp,19,32.177101135253906,2,2,20,0,0
2022-02-15 12:16:18.034083,bp,17,32.150001525878906,1,2,20,0,0
2022-02-15 12:22:16.824634,bp,15,32.185001373291016,1,2,20,0,0
2022-02-15 12:28:21.508913,bp,12,32.154998779296875,1,2,20,0,0
2022-02-15 12:34:16.960957,bp,12,32.11000061035156,1,2,20,0,0
2022-02-15 12:40:17.454890,bp,12,32.08000183105469,2,2,20,0,0
2022-02-15 12:46:14.935066,bp,12,32.060001373291016,3,1,20,1,0
2022-02-15 12:52:08.489805,bp,13,32.05500030517578,3,1,20,1,0
2022-02-15 12:58:04.557561,bp,12,32.095001220703125,3,1,20,1,0
2022-02-15 13:04:01.878111,bp,21,32.119998931884766,3,1,20,1,0
2022-02-15 13:10:00.351766,bp,17,32.165000915527344,2,1,20,0,0
2022-02-15 13:15:58.040766,bp,15,32.17499923706055,2,1,20,0,0
2022-02-15 13:21:55.220247,bp,15,32.23500061035156,2,1,20,1,0
2022-02-15 13:27:52.211532,bp,17,32.180999755859375,2,2,20,1,0
2022-02-15 13:33:48.103490,bp,16,32.18000030517578,2,2,20,1,0
2022-02-15 13:39:43.401300,bp,18,32.07500076293945,1,3,20,0,0
2022-02-15 13:45:47.387570,bp,15,32.099998474121094,0,2,20,0,0
2022-02-15 13:51:42.479817,bp,13,32.15999984741211,0,1,20,0,0
2022-02-15 13:57:37.460423,bp,15,32.18000030517578,1,1,20,0,0
2022-02-15 14:03:39.765273,bp,16,32.150001525878906,1,2,20,0,0
2022-02-15 14:09:34.741937,bp,14,32.150001525878906,1,2,20,0,0
2022-02-15 14:15:33.744614,bp,15,32.15999984741211,1,2,20,0,0
2022-02-15 14:21:27.142774,bp,11,32.15999984741211,1,0,20,0,0
2022-02-15 14:27:22.714168,bp,11,32.15999984741211,1,0,20,0,0
2022-02-15 14:33:21.482872,bp,10,32.15999984741211,1,0,20,0,0
2022-02-15 14:39:17.991990,bp,12,32.15999984741211,0,0,20,1,0
2022-02-15 14:45:13.270267,bp,13,32.15999984741211,0,0,20,0,0
2022-02-15 14:51:08.637874,bp,14,32.15999984741211,0,0,20,1,0
2022-02-15 14:57:05.320662,bp,17,32.15999984741211,1,0,20,1,0
2022-02-15 15:03:00.473962,bp,22,32.15999984741211,2,1,20,0,0
2022-02-15 15:08:54.503666,bp,19,32.15999984741211,1,0,20,0,0
2022-02-15 15:14:49.815192,bp,20,32.15999984741211,1,0,21,0,0
2022-02-15 15:20:53.608930,bp,23,32.15999984741211,2,0,20,0,0
2022-02-15 15:26:55.407679,bp,22,32.15999984741211,2,0,20,0,0
2022-02-15 15:32:50.100747,bp,20,32.15999984741211,2,0,20,0,1
2022-02-15 15:38:46.642640,bp,20,32.15999984741211,2,1,20,0,1
2022-02-15 15:44:44.954403,bp,20,32.15999984741211,2,1,20,0,1
2022-02-15 15:51:14.270492,bp,21,32.15999984741211,4,1,20,0,1
2022-02-15 15:57:15.971422,bp,21,32.15999984741211,4,1,20,0,1
2022-02-15 16:03:14.455967,bp,25,32.15999984741211,5,1,20,0,1
2022-02-15 16:09:17.363439,bp,21,32.15999984741211,4,1,20,0,1
2022-02-15 16:15:25.076814,bp,18,32.15999984741211,4,1,20,0,1
2022-02-15 16:21:34.582795,bp,16,32.15999984741211,3,1,20,0,1
2022-02-15 16:27:35.841292,bp,15,32.15999984741211,2,1,20,0,1
2022-02-15 16:33:34.064272,bp,13,32.15999984741211,2,3,20,2,0
2022-02-15 16:39:26.123394,bp,10,32.15999984741211,2,3,20,2,0
2022-02-15 16:45:26.102982,bp,10,32.15999984741211,2,3,20,2,0
2022-02-15 16:51:22.720109,bp,10,32.15999984741211,0,3,20,2,0
2022-02-15 16:57:19.025997,bp,9,32.15999984741211,0,3,20,2,0
2022-02-15 17:03:16.033150,bp,20,32.15999984741211,0,5,20,2,0
2022-02-15 17:09:24.922510,bp,20,32.15999984741211,0,5,20,0,0
2022-02-15 17:15:31.436357,bp,23,32.15999984741211,0,5,20,0,0
2022-02-15 17:21:28.756205,bp,15,32.15999984741211,0,5,20,0,0
2022-02-15 17:27:26.000543,bp,11,32.15999984741211,0,3,20,0,0
2022-02-15 17:33:20.914364,bp,10,32.15999984741211,0,1,20,0,0
2022-02-15 17:39:19.308413,bp,10,32.15999984741211,0,0,20,0,1
2022-02-15 17:45:24.187951,bp,12,32.15999984741211,0,0,20,0,0
2022-02-15 17:51:23.419320,bp,13,32.15999984741211,0,0,20,0,0
2022-02-15 17:57:22.574596,bp,14,32.15999984741211,0,1,20,0,0
2022-02-15 18:03:21.107558,bp,14,32.15999984741211,0,2,20,0,0
2022-02-15 18:09:18.477629,bp,12,32.15999984741211,0,2,20,0,0
2022-02-15 18:15:23.172474,bp,11,32.15999984741211,0,2,20,0,0
2022-02-15 18:21:20.641741,bp,11,32.15999984741211,0,2,20,0,0
2022-02-15 18:27:20.893728,bp,9,32.15999984741211,0,2,20,0,0
2022-02-15 18:33:19.687540,bp,8,32.15999984741211,0,1,20,1,0
2022-02-15 18:39:17.558399,bp,9,32.15999984741211,0,1,20,1,0
2022-02-15 18:45:17.667760,bp,8,32.15999984741211,0,1,20,1,0
2022-02-15 18:51:14.929216,bp,5,32.15999984741211,0,0,20,0,0
2022-02-15 18:57:08.755381,bp,6,32.15999984741211,0,0,20,1,0
2022-02-15 19:03:07.082511,bp,14,32.15999984741211,0,0,20,1,0
2022-02-15 19:09:21.957926,bp,13,32.15999984741211,0,0,20,1,0
2022-02-15 19:15:36.127819,bp,13,32.15999984741211,0,0,20,1,0
2022-02-15 19:21:47.625480,bp,11,32.15999984741211,0,0,20,1,0
2022-02-15 19:28:00.454700,bp,11,32.15999984741211,1,0,20,0,0
2022-02-15 19:34:09.793943,bp,9,32.15999984741211,1,0,20,1,0
2022-02-15 19:40:18.961974,bp,6,32.15999984741211,1,0,20,0,0
2022-02-15 22:05:45.864063,bp,13,32.15999984741211,1,0,20,0,0
2022-02-15 22:11:37.904341,bp,13,32.15999984741211,6,0,20,0,0
2022-02-15 22:17:24.253007,bp,15,32.15999984741211,6,0,20,0,0
2022-02-15 22:23:10.663766,bp,13,32.15999984741211,6,0,20,0,0
2022-02-15 22:28:59.241461,bp,12,32.15999984741211,6,0,20,0,0
2022-02-15 22:34:45.079383,bp,14,32.15999984741211,6,0,20,0,0
2022-02-15 22:40:36.009951,bp,15,32.15999984741211,6,0,20,0,0
2022-02-15 22:46:25.774440,bp,13,32.15999984741211,5,0,20,0,0
2022-02-15 22:52:12.861286,bp,12,32.15999984741211,5,0,20,0,0
2022-02-15 22:57:58.480551,bp,12,32.15999984741211,5,0,20,0,0
2022-02-15 23:03:44.112907,bp,9,32.15999984741211,5,0,20,0,0
2022-02-15 23:09:32.855537,bp,9,32.15999984741211,1,0,20,0,0
2022-02-15 23:15:21.030938,bp,10,32.15999984741211,1,0,20,0,0
2022-02-15 23:21:07.988855,bp,13,32.15999984741211,1,0,20,0,0
2022-02-15 23:26:53.949796,bp,14,32.15999984741211,1,0,20,0,0
2022-02-15 23:32:40.046366,bp,15,32.15999984741211,1,0,20,0,0
2022-02-15 23:39:40.650558,bp,16,32.15999984741211,3,0,20,0,0
2022-02-15 23:45:29.610293,bp,14,32.15999984741211,3,1,20,0,0
2022-02-15 23:51:17.720148,bp,15,32.15999984741211,6,1,20,0,0
2022-02-15 23:57:06.044913,bp,16,32.15999984741211,7,1,20,0,0
2022-02-16 00:02:50.882416,bp,15,32.15999984741211,7,2,20,0,0
2022-02-16 00:08:39.982486,bp,16,32.15999984741211,6,2,20,0,0
2022-02-16 00:14:26.361700,bp,18,32.15999984741211,7,2,20,0,0
2022-02-16 00:20:15.509946,bp,13,32.15999984741211,7,2,20,0,0
2022-02-16 00:26:01.858069,bp,13,32.15999984741211,7,2,20,0,0
2022-02-16 00:31:50.412885,bp,13,32.15999984741211,5,2,20,0,0
2022-02-16 00:37:39.246839,bp,13,32.15999984741211,5,2,20,0,0
2022-02-16 00:43:25.809615,bp,13,32.15999984741211,5,2,20,0,0
2022-02-16 00:49:10.912376,bp,10,32.15999984741211,2,1,20,0,0
2022-02-16 00:54:57.637911,bp,11,32.15999984741211,2,1,20,0,0
2022-02-16 01:00:42.692157,bp,11,32.15999984741211,4,0,20,0,0
2022-02-16 01:06:28.066899,bp,10,32.15999984741211,3,0,20,0,0
2022-02-16 01:12:16.387951,bp,10,32.15999984741211,3,0,20,0,0
2022-02-16 01:18:02.428005,bp,10,32.15999984741211,3,0,20,0,0
2022-02-16 01:23:48.090839,bp,12,32.15999984741211,3,0,20,0,0
2022-02-16 01:29:35.492710,bp,10,32.15999984741211,2,0,20,0,0
2022-02-16 01:35:22.478104,bp,12,32.15999984741211,2,0,20,0,3
2022-02-16 01:41:10.697219,bp,9,32.15999984741211,2,0,20,0,3
2022-02-16 01:46:59.570779,bp,13,32.15999984741211,3,0,20,0,3
2022-02-16 01:52:46.196941,bp,13,32.15999984741211,3,0,20,0,3
2022-02-16 01:58:32.388724,bp,13,32.15999984741211,2,0,20,0,3
2022-02-16 02:04:15.869398,bp,12,32.15999984741211,2,0,20,0,3
2022-02-16 02:10:02.397367,bp,12,32.15999984741211,2,0,20,0,3
2022-02-16 02:15:49.007511,bp,13,32.15999984741211,2,0,20,0,0
2022-02-16 02:21:36.870982,bp,13,32.15999984741211,2,0,20,0,3
2022-02-16 02:27:23.363084,bp,13,32.15999984741211,3,0,20,0,3
2022-02-16 02:33:13.188589,bp,9,32.15999984741211,1,0,20,0,0
2022-02-16 02:38:59.013297,bp,6,32.15999984741211,1,0,20,0,0
2022-02-16 02:44:42.183841,bp,5,32.15999984741211,1,0,20,0,0
2022-02-16 02:50:29.029879,bp,5,32.15999984741211,1,0,20,0,0
2022-02-16 02:56:16.511341,bp,4,32.15999984741211,1,0,20,0,0
2022-02-16 03:02:05.037880,bp,9,32.15999984741211,2,0,20,0,1
2022-02-16 03:07:49.964464,bp,12,32.15999984741211,2,0,20,0,1
2022-02-16 03:13:34.606054,bp,13,32.15999984741211,3,0,20,0,1
2022-02-16 03:19:21.287454,bp,15,32.15999984741211,2,0,20,1,1
2022-02-16 03:25:12.874283,bp,16,32.15999984741211,2,0,20,1,1
2022-02-16 03:31:01.315714,bp,19,32.15999984741211,2,0,20,0,1
2022-02-16 03:36:51.040432,bp,17,32.15999984741211,1,0,20,1,1
2022-02-16 03:42:37.443201,bp,19,32.15999984741211,4,1,20,1,1
2022-02-16 03:48:24.115910,bp,19,32.15999984741211,3,1,20,1,1
2022-02-16 03:54:09.004353,bp,18,32.15999984741211,3,1,20,1,1
2022-02-16 03:59:56.249107,bp,23,32.15999984741211,3,1,20,1,1
2022-02-16 04:05:40.810846,bp,25,32.15999984741211,4,2,20,1,0
2022-02-16 04:11:29.396110,bp,22,32.15999984741211,3,3,20,1,0
2022-02-16 04:17:17.669531,bp,21,32.15999984741211,3,3,20,1,0
2022-02-16 04:23:03.621037,bp,21,32.15999984741211,3,3,20,0,0
2022-02-16 04:28:51.948366,bp,18,32.15999984741211,4,3,20,0,0
2022-02-16 04:34:38.122640,bp,17,32.15999984741211,4,3,20,0,0
2022-02-16 04:40:25.611978,bp,17,32.15999984741211,2,2,20,0,0
2022-02-16 04:46:14.489533,bp,19,32.15999984741211,2,2,20,0,0
2022-02-16 04:52:04.673419,bp,18,32.15999984741211,1,2,20,0,0
2022-02-16 04:57:50.510881,bp,20,32.15999984741211,1,2,20,0,0
2022-02-16 05:03:37.109728,bp,28,32.15999984741211,4,1,20,0,0
2022-02-16 05:09:24.827218,bp,25,32.15999984741211,3,0,20,0,0
2022-02-16 05:15:10.046590,bp,25,32.15999984741211,4,0,20,0,0
2022-02-16 05:20:58.099225,bp,21,32.15999984741211,3,1,20,0,0
2022-02-16 05:26:48.122216,bp,17,32.15999984741211,1,2,20,0,0
2022-02-16 05:32:35.361453,bp,16,32.15999984741211,1,1,20,0,0
2022-02-16 05:38:22.993462,bp,15,32.15999984741211,3,0,20,0,0
2022-02-16 05:44:09.966327,bp,20,32.15999984741211,3,0,20,0,0
2022-02-16 05:49:56.703812,bp,18,32.15999984741211,4,0,20,0,0
2022-02-16 05:55:44.888410,bp,15,32.15999984741211,4,0,20,0,0
2022-02-16 06:01:34.714358,bp,19,32.15999984741211,5,2,20,0,0
2022-02-16 06:07:25.811356,bp,16,32.15999984741211,3,1,20,0,0
2022-02-16 06:13:11.420904,bp,16,32.15999984741211,3,1,20,0,0
2022-02-16 06:19:00.502061,bp,19,32.15999984741211,5,1,20,0,0
2022-02-16 06:24:50.207618,bp,20,32.15999984741211,6,1,20,0,0
2022-02-16 06:30:40.685908,bp,19,32.15999984741211,6,0,20,0,0
2022-02-16 06:36:28.912486,bp,15,32.15999984741211,3,0,20,0,0
2022-02-16 06:42:19.843676,bp,15,32.15999984741211,3,0,20,0,0
2022-02-16 06:48:08.309608,bp,12,32.15999984741211,2,0,20,0,0
2022-02-16 06:53:56.408068,bp,11,32.15999984741211,2,0,20,0,0
2022-02-16 06:59:41.602246,bp,8,32.15999984741211,1,0,20,0,0
2022-02-16 07:05:30.538069,bp,18,32.15999984741211,3,1,20,0,0
2022-02-16 07:11:16.546550,bp,22,32.15999984741211,3,2,20,0,0
2022-02-16 07:17:09.013745,bp,19,32.15999984741211,3,2,20,0,0
2022-02-16 07:22:56.934300,bp,20,32.15999984741211,2,1,20,0,0
2022-02-16 07:28:44.296061,bp,19,32.15999984741211,2,1,20,0,0
2022-02-16 07:34:31.762117,bp,18,32.654998779296875,1,1,20,0,0
2022-02-16 07:40:18.074854,bp,17,32.83000183105469,1,2,20,0,0
2022-02-16 07:46:06.661048,bp,18,32.95000076293945,1,3,20,0,0
2022-02-16 07:51:56.591996,bp,19,32.880001068115234,3,3,20,0,0
2022-02-16 07:57:44.350766,bp,19,32.87630081176758,2,3,20,0,0
2022-02-16 08:03:30.036251,bp,27,32.880001068115234,5,3,20,1,0
2022-02-16 08:09:18.267907,bp,25,32.88999938964844,5,2,20,0,0
2022-02-16 08:15:04.574369,bp,21,32.8650016784668,4,4,20,0,0
2022-02-16 08:20:52.073969,bp,21,32.8849983215332,4,4,20,0,0
2022-02-16 08:26:39.551543,bp,19,32.97999954223633,4,4,20,0,0
2022-02-16 08:32:28.936578,bp,20,32.939998626708984,4,4,20,0,0
2022-02-16 08:38:20.011525,bp,19,32.974998474121094,4,3,20,0,0
2022-02-16 08:44:09.769245,bp,19,32.915000915527344,4,2,20,0,0
2022-02-16 08:50:00.277896,bp,16,32.87049865722656,2,2,20,0,0
2022-02-16 08:55:52.634907,bp,15,32.84000015258789,2,2,20,0,0
2022-02-16 09:01:38.938914,bp,23,32.79499816894531,3,3,20,0,0
2022-02-16 09:07:32.053972,bp,22,32.7400016784668,3,3,20,0,0
2022-02-16 09:13:22.393896,bp,19,32.78499984741211,3,1,20,0,0
2022-02-16 09:19:10.617534,bp,20,32.76089859008789,4,1,20,0,0
2022-02-16 09:24:58.238441,bp,18,32.77000045776367,4,1,20,0,0
2022-02-16 09:30:57.385954,bp,16,32.787498474121094,4,1,20,0,0
2022-02-16 09:36:45.108155,bp,13,32.834999084472656,2,0,20,0,0
2022-02-16 09:42:36.332255,bp,17,32.78499984741211,2,0,20,0,0
2022-02-16 09:48:22.845171,bp,15,32.71500015258789,2,0,20,0,0
2022-02-16 09:54:09.741543,bp,14,32.71500015258789,2,0,20,0,0
2022-02-16 09:59:58.226800,bp,21,32.724998474121094,2,0,20,0,0
2022-02-16 10:05:46.966081,bp,22,32.75,4,0,20,0,0
2022-02-16 10:11:36.944697,bp,21,32.775001525878906,4,0,20,0,0
2022-02-16 10:17:27.336482,bp,21,32.814998626708984,4,0,20,0,0
2022-02-16 10:23:14.211606,bp,22,32.79499816894531,4,0,20,0,0
2022-02-16 10:29:01.383888,bp,22,32.77000045776367,4,0,20,0,0
2022-02-16 10:34:49.154176,bp,25,32.70790100097656,4,2,20,0,0
2022-02-16 10:40:38.732769,bp,21,32.69499969482422,4,2,20,0,0
2022-02-16 10:46:25.701554,bp,20,32.661800384521484,4,2,20,0,0
2022-02-16 10:52:15.334560,bp,19,32.71500015258789,3,2,20,0,0
2022-02-16 10:58:03.073966,bp,19,32.76499938964844,3,2,20,0,0
2022-02-16 11:03:46.692193,bp,23,32.744998931884766,4,2,20,0,0
2022-02-16 11:09:34.907397,bp,21,32.775001525878906,2,3,20,0,0
2022-02-16 11:15:21.635022,bp,20,32.775001525878906,2,3,20,0,0
2022-02-16 11:21:10.661477,bp,15,32.755001068115234,0,3,20,0,0
2022-02-16 11:26:57.509796,bp,14,32.724998474121094,0,2,20,0,0
2022-02-16 11:32:46.950897,bp,11,32.74140167236328,0,1,20,0,0
2022-02-16 11:38:33.947783,bp,11,32.76499938964844,0,1,20,0,0
2022-02-16 11:44:21.876464,bp,12,32.70500183105469,0,1,20,0,0
2022-02-16 11:50:10.759734,bp,11,32.69409942626953,0,2,20,0,0
2022-02-16 11:55:56.293837,bp,11,32.73500061035156,0,2,20,0,0
2022-02-16 12:01:40.844139,bp,17,32.73979949951172,0,2,20,0,0
2022-02-16 12:07:29.968538,bp,19,32.78499984741211,1,3,20,0,0
2022-02-16 12:13:17.427537,bp,16,32.724998474121094,2,2,20,0,0
2022-02-16 12:19:06.241746,bp,15,32.849998474121094,2,2,20,0,0
2022-02-16 12:24:54.464615,bp,13,32.90919876098633,2,2,20,1,0
2022-02-16 12:30:40.276448,bp,10,32.91999816894531,2,2,20,1,0
2022-02-16 12:36:27.718158,bp,10,32.875,2,3,20,1,0
2022-02-16 12:42:18.186675,bp,7,32.834999084472656,2,2,20,0,0
2022-02-16 12:48:06.335981,bp,8,32.810001373291016,3,2,20,0,0
2022-02-16 12:53:51.935438,bp,8,32.83110046386719,3,2,20,0,0
2022-02-16 12:59:40.510151,bp,9,32.775001525878906,2,2,20,0,0
2022-02-16 13:05:28.251529,bp,17,32.755001068115234,3,1,20,0,0
2022-02-16 13:11:14.719313,bp,15,32.690101623535156,2,1,20,0,0
2022-02-16 13:17:01.311045,bp,15,32.65999984741211,4,1,20,0,0
2022-02-16 13:22:52.129147,bp,18,32.54999923706055,7,2,20,0,0
2022-02-16 13:28:40.490911,bp,18,32.51499938964844,7,1,20,0,0
2022-02-16 13:34:32.464638,bp,17,32.42789840698242,6,0,20,0,0
2022-02-16 13:40:22.089926,bp,18,32.508399963378906,5,0,20,1,0
2022-02-16 13:46:15.168160,bp,19,32.53499984741211,3,0,20,0,0
2022-02-16 13:52:04.693340,bp,19,32.54499816894531,5,0,20,0,0
2022-02-16 13:57:52.226639,bp,19,32.52000045776367,5,0,20,0,0
2022-02-16 14:03:39.366514,bp,22,32.47999954223633,5,0,20,0,1
2022-02-16 14:09:27.412318,bp,20,32.47999954223633,2,0,20,1,1
2022-02-16 14:15:16.316559,bp,19,32.47999954223633,1,0,20,0,1
2022-02-16 14:21:04.281509,bp,18,32.47999954223633,1,1,20,0,1
2022-02-16 14:26:53.239685,bp,18,32.47999954223633,1,0,20,0,1
2022-02-16 14:32:44.338166,bp,17,32.47999954223633,2,0,20,1,1
2022-02-16 14:38:32.193135,bp,14,32.47999954223633,1,1,20,1,1
2022-02-16 14:44:20.809218,bp,14,32.47999954223633,1,0,20,1,1
2022-02-16 14:50:08.934378,bp,15,32.47999954223633,1,3,20,1,1
2022-02-16 14:56:02.265042,bp,14,32.47999954223633,0,2,20,1,1
2022-02-16 15:01:53.653155,bp,17,32.47999954223633,0,2,20,1,1
2022-02-16 15:07:45.091445,bp,17,32.47999954223633,0,4,20,0,0
2022-02-16 15:13:32.106948,bp,15,32.47999954223633,0,2,20,0,0
2022-02-16 15:19:19.730687,bp,17,32.47999954223633,1,2,20,0,0
2022-02-16 15:25:06.446869,bp,18,32.47999954223633,1,1,20,0,0
2022-02-16 15:30:56.174196,bp,17,32.47999954223633,1,1,20,0,0
2022-02-16 15:36:44.698753,bp,19,32.47999954223633,1,0,20,0,0
2022-02-16 15:42:34.957307,bp,18,32.47999954223633,1,1,20,0,0
2022-02-16 15:48:23.393170,bp,17,32.47999954223633,1,1,20,0,0
2022-02-16 15:54:11.133947,bp,18,32.47999954223633,2,1,20,0,0
2022-02-16 15:59:59.574767,bp,25,32.47999954223633,3,2,20,0,0
2022-02-16 16:05:48.311872,bp,21,32.47999954223633,4,1,20,0,0
2022-02-16 16:11:37.332678,bp,20,32.47999954223633,3,2,20,0,1
2022-02-16 16:17:27.854085,bp,14,32.47999954223633,3,2,20,0,1
2022-02-16 16:23:16.061470,bp,15,32.47999954223633,3,2,20,0,1
2022-02-16 16:29:04.228613,bp,12,32.47999954223633,3,2,20,0,1
2022-02-16 16:34:49.887999,bp,11,32.47999954223633,3,2,20,0,1
2022-02-16 16:40:39.661282,bp,10,32.47999954223633,2,1,20,0,1
2022-02-16 16:46:27.939196,bp,10,32.47999954223633,1,1,20,1,1
2022-02-16 16:52:15.294532,bp,13,32.47999954223633,2,1,20,1,1
2022-02-16 16:58:11.741489,bp,12,32.47999954223633,2,1,20,2,1
2022-02-16 17:04:03.461368,bp,20,32.47999954223633,1,5,20,2,0
2022-02-16 17:09:52.642554,bp,22,32.47999954223633,1,4,20,2,0
2022-02-16 17:15:38.905158,bp,21,32.47999954223633,1,4,20,2,0
2022-02-16 17:21:24.188525,bp,22,32.47999954223633,1,3,20,2,0
2022-02-16 17:27:10.309948,bp,21,32.47999954223633,1,0,20,2,0
2022-02-16 17:33:01.684321,bp,18,32.47999954223633,1,0,20,2,0
2022-02-16 17:38:50.991275,bp,17,32.47999954223633,2,0,20,2,0
2022-02-16 17:44:38.951288,bp,17,32.47999954223633,2,0,20,2,0
2022-02-16 17:50:26.512954,bp,14,32.47999954223633,2,2,20,1,0
2022-02-16 17:56:14.191304,bp,14,32.47999954223633,2,2,20,0,0
2022-02-16 18:02:04.325675,bp,15,32.47999954223633,4,2,20,0,0
2022-02-16 18:07:55.931603,bp,16,32.47999954223633,4,2,20,0,0
2022-02-16 18:13:44.655056,bp,13,32.47999954223633,4,2,20,0,0
2022-02-16 18:19:31.071836,bp,9,32.47999954223633,3,2,20,0,0
2022-02-16 18:25:17.708026,bp,9,32.47999954223633,4,2,20,0,0
2022-02-16 18:31:07.339871,bp,10,32.47999954223633,4,2,20,0,0
2022-02-16 18:36:56.030342,bp,9,32.47999954223633,4,2,20,0,0
2022-02-16 18:42:44.186819,bp,9,32.47999954223633,3,2,20,0,0
2022-02-16 18:48:31.830447,bp,8,32.47999954223633,2,0,20,0,0
2022-02-16 18:54:18.101207,bp,6,32.47999954223633,1,0,20,0,0
2022-02-16 19:00:06.521314,bp,16,32.47999954223633,2,0,20,1,0
2022-02-16 19:05:54.644170,bp,13,32.47999954223633,2,0,20,1,0
2022-02-16 19:11:42.994877,bp,10,32.47999954223633,2,0,20,1,0
2022-02-16 19:17:37.169153,bp,11,32.47999954223633,2,0,20,0,0
2022-02-16 19:23:25.624900,bp,9,32.47999954223633,1,0,20,1,0
2022-02-16 19:29:16.158251,bp,10,32.47999954223633,1,1,20,1,0
2022-02-16 19:35:03.795162,bp,9,32.47999954223633,1,1,20,1,0
2022-02-16 19:40:52.644448,bp,8,32.47999954223633,0,1,20,1,0
2022-02-16 19:46:39.681342,bp,9,32.47999954223633,0,1,20,1,0
2022-02-16 19:52:26.280484,bp,8,32.47999954223633,0,1,20,0,0
2022-02-16 19:58:15.161613,bp,8,32.47999954223633,1,1,20,0,0
2022-02-16 20:04:05.565565,bp,13,32.47999954223633,1,1,20,0,0
2022-02-16 20:09:56.103643,bp,14,32.47999954223633,2,1,20,0,0
2022-02-16 20:15:43.434148,bp,12,32.47999954223633,2,1,20,0,0
2022-02-16 20:21:30.627341,bp,10,32.47999954223633,2,1,20,0,0
2022-02-16 20:27:18.211662,bp,6,32.47999954223633,2,0,20,0,0
2022-02-16 20:33:07.697397,bp,6,32.47999954223633,2,0,20,0,0
2022-02-16 20:38:53.337548,bp,7,32.47999954223633,2,0,20,0,0
2022-02-16 20:44:39.742940,bp,7,32.47999954223633,2,1,20,0,0
2022-02-16 20:50:25.763515,bp,7,32.47999954223633,2,1,20,0,0
2022-02-16 20:56:12.306047,bp,6,32.47999954223633,2,1,20,0,0
2022-02-16 21:01:56.847180,bp,6,32.47999954223633,1,1,20,0,0
2022-02-16 21:07:46.778357,bp,7,32.47999954223633,1,2,20,0,0
2022-02-16 21:13:35.561836,bp,6,32.47999954223633,1,2,20,0,0
2022-02-16 21:19:21.655403,bp,5,32.47999954223633,1,2,20,0,0
2022-02-16 21:25:07.930179,bp,5,32.47999954223633,1,2,20,0,0
2022-02-16 21:30:54.647578,bp,5,32.47999954223633,1,2,20,0,0
2022-02-16 21:36:42.137244,bp,5,32.47999954223633,1,1,20,0,0
2022-02-16 21:42:29.617948,bp,5,32.47999954223633,1,0,20,0,0
2022-02-16 21:48:19.598501,bp,7,32.47999954223633,2,0,20,1,0
2022-02-16 21:54:10.257803,bp,10,32.47999954223633,2,0,20,1,0
2022-02-16 22:00:10.343472,bp,12,32.47999954223633,2,1,20,1,0
2022-02-16 22:06:09.684448,bp,13,32.47999954223633,2,0,20,1,0
2022-02-16 22:12:11.548116,bp,15,32.47999954223633,2,0,20,1,0
2022-02-16 22:18:15.290979,bp,13,32.47999954223633,2,0,20,1,0
2022-02-16 22:24:15.058152,bp,13,32.47999954223633,2,0,20,1,0
2022-02-16 22:30:16.277078,bp,14,32.47999954223633,2,0,20,1,0
2022-02-16 23:57:45.930259,bp,10,32.47999954223633,0,2,20,1,0
2022-02-17 00:03:34.788796,bp,15,32.47999954223633,3,4,20,0,0
2022-02-17 00:09:22.102191,bp,15,32.47999954223633,2,3,20,0,0
2022-02-17 00:15:08.184078,bp,16,32.47999954223633,2,4,20,0,0
2022-02-17 00:20:53.612092,bp,14,32.47999954223633,0,3,20,0,0
2022-02-17 00:26:39.495586,bp,15,32.47999954223633,0,3,20,0,0
2022-02-17 00:32:27.639998,bp,13,32.47999954223633,1,2,20,0,0
2022-02-17 00:38:13.070717,bp,13,32.47999954223633,1,2,20,0,0
2022-02-17 00:44:00.280574,bp,15,32.47999954223633,1,2,20,0,0
2022-02-17 00:49:48.497431,bp,16,32.47999954223633,2,0,20,0,0
2022-02-17 00:55:33.877052,bp,16,32.47999954223633,1,0,20,0,0
2022-02-17 01:01:18.676084,bp,19,32.47999954223633,1,2,20,0,0
2022-02-17 01:07:06.712539,bp,15,32.47999954223633,1,1,20,0,0
2022-02-17 01:12:55.534645,bp,15,32.47999954223633,1,1,20,0,0
2022-02-17 01:18:46.737329,bp,12,32.47999954223633,1,1,20,0,0
2022-02-17 01:24:31.724760,bp,13,32.47999954223633,1,1,20,0,0
2022-02-17 01:30:18.197152,bp,13,32.47999954223633,1,1,20,0,0
2022-02-17 01:36:07.571885,bp,13,32.47999954223633,1,0,20,0,0
2022-02-17 01:41:56.685678,bp,14,32.47999954223633,1,0,20,0,0
2022-02-17 01:47:43.187530,bp,10,32.47999954223633,1,0,20,0,0
2022-02-17 01:53:31.982925,bp,10,32.47999954223633,1,0,20,0,0
2022-02-17 01:59:18.553777,bp,13,32.47999954223633,0,0,20,0,0
2022-02-17 02:05:05.232621,bp,17,32.47999954223633,0,0,20,0,0
2022-02-17 02:10:51.138090,bp,16,32.47999954223633,0,1,20,0,0
2022-02-17 02:16:36.732536,bp,14,32.47999954223633,0,0,20,0,0
2022-02-17 02:22:21.762592,bp,15,32.47999954223633,1,0,20,0,0
2022-02-17 02:28:08.538685,bp,13,32.47999954223633,1,0,20,0,0
2022-02-17 02:33:58.090917,bp,14,32.47999954223633,1,1,20,0,0
2022-02-17 02:39:44.720958,bp,12,32.47999954223633,1,1,20,0,0
2022-02-17 02:45:28.880669,bp,13,32.47999954223633,1,1,20,0,0
2022-02-17 02:51:14.699330,bp,13,32.47999954223633,2,1,20,0,0
2022-02-17 02:56:58.320643,bp,9,32.47999954223633,1,1,20,0,0
2022-02-17 03:02:43.881198,bp,20,32.47999954223633,5,2,20,0,0
2022-02-17 03:08:34.460028,bp,21,32.47999954223633,5,1,20,0,0
2022-02-17 03:14:20.467464,bp,26,32.47999954223633,7,2,20,0,0
2022-02-17 03:20:06.028311,bp,25,32.47999954223633,8,3,20,0,0
2022-02-17 03:25:52.236446,bp,24,32.47999954223633,9,2,20,1,0
2022-02-17 03:31:38.925023,bp,23,32.47999954223633,8,2,20,1,0
2022-02-17 03:37:25.182090,bp,24,32.47999954223633,8,2,20,1,0
2022-02-17 03:43:13.468513,bp,23,32.47999954223633,8,2,20,1,0
2022-02-17 03:49:02.116192,bp,20,32.47999954223633,6,1,20,1,0
2022-02-17 03:54:48.535096,bp,17,32.47999954223633,4,2,20,1,0
2022-02-17 04:00:35.861664,bp,21,32.47999954223633,5,1,20,1,0
2022-02-17 04:06:22.184646,bp,19,32.47999954223633,3,1,20,1,0
2022-02-17 04:12:12.650412,bp,17,32.47999954223633,1,1,20,1,0
2022-02-17 04:18:00.383980,bp,17,32.47999954223633,1,1,20,1,0
2022-02-17 04:23:49.155919,bp,16,32.47999954223633,1,1,20,1,0
2022-02-17 04:29:34.392472,bp,11,32.47999954223633,1,1,20,0,0
2022-02-17 04:35:20.734676,bp,11,32.47999954223633,2,2,20,0,0
2022-02-17 04:41:11.544678,bp,9,32.47999954223633,1,1,20,0,0
2022-02-17 04:46:56.886775,bp,11,32.47999954223633,1,1,20,0,0
2022-02-17 04:52:43.893966,bp,10,32.47999954223633,1,1,20,0,0
2022-02-17 04:58:30.134944,bp,10,32.47999954223633,1,2,20,0,0
2022-02-17 05:04:19.995529,bp,12,32.47999954223633,1,2,20,0,0
2022-02-17 05:10:07.144317,bp,15,32.47999954223633,4,3,20,0,0
2022-02-17 05:15:55.157349,bp,15,32.47999954223633,4,4,20,0,0
2022-02-17 05:21:40.883822,bp,14,32.47999954223633,4,4,20,0,0
2022-02-17 05:27:28.617995,bp,15,32.47999954223633,4,4,20,0,0
2022-02-17 05:33:17.488945,bp,18,32.47999954223633,4,5,20,0,0
2022-02-17 05:39:06.417773,bp,18,32.47999954223633,4,5,20,0,0
2022-02-17 05:44:53.863299,bp,20,32.47999954223633,4,5,20,0,0
2022-02-17 05:50:42.824361,bp,23,32.47999954223633,4,5,20,0,0
2022-02-17 05:56:29.720958,bp,26,32.47999954223633,4,4,20,0,0
2022-02-17 06:02:16.905633,bp,25,32.47999954223633,3,3,20,0,0
2022-02-17 06:08:06.602457,bp,22,32.47999954223633,1,3,20,0,0
2022-02-17 06:13:56.116078,bp,21,32.47999954223633,1,2,20,0,0
2022-02-17 06:19:44.428273,bp,20,32.47999954223633,1,1,20,0,0
2022-02-17 06:25:32.718797,bp,19,32.47999954223633,1,1,20,0,0
2022-02-17 06:31:20.902934,bp,21,32.47999954223633,1,1,20,0,0
2022-02-17 06:37:11.692765,bp,20,32.47999954223633,1,1,20,0,0
2022-02-17 06:43:00.099750,bp,16,32.47999954223633,1,1,20,0,0
2022-02-17 06:48:50.917498,bp,13,32.47999954223633,1,1,20,0,0
2022-02-17 06:54:37.838874,bp,12,32.47999954223633,1,1,20,0,0
2022-02-17 07:00:24.479284,bp,14,32.47999954223633,1,1,20,0,0
2022-02-17 07:06:12.415654,bp,15,32.47999954223633,1,0,20,0,0
2022-02-17 07:12:04.419181,bp,14,32.47999954223633,1,0,20,0,0
2022-02-17 07:17:54.575471,bp,14,32.47999954223633,1,0,20,0,0
2022-02-17 07:23:42.612057,bp,16,32.47999954223633,1,0,20,0,0
2022-02-17 07:29:32.909043,bp,14,32.47999954223633,1,0,20,0,0
2022-02-17 07:35:22.511152,bp,16,32.33000183105469,3,0,20,0,0
2022-02-17 07:41:15.017359,bp,14,32.41999816894531,3,0,20,0,0
2022-02-17 07:47:01.621537,bp,14,32.4900016784668,2,0,20,0,0
2022-02-17 07:52:47.450288,bp,12,32.41999816894531,2,0,20,0,0
2022-02-17 07:58:35.102955,bp,14,32.32500076293945,2,0,20,0,0
2022-02-17 08:04:23.970742,bp,17,32.224998474121094,3,0,20,0,0
2022-02-17 08:10:13.199841,bp,16,32.209999084472656,3,0,20,0,0
2022-02-17 08:15:59.084646,bp,18,32.16999816894531,5,0,20,0,0
2022-02-17 08:21:46.918594,bp,16,32.11000061035156,5,0,20,1,0
2022-02-17 08:27:33.200456,bp,18,32.06999969482422,5,0,20,1,0
2022-02-17 08:33:19.611544,bp,16,32.119998931884766,3,0,20,0,0
2022-02-17 08:39:10.677948,bp,15,32.13999938964844,3,0,20,1,0
2022-02-17 08:44:56.296213,bp,14,32.125,4,0,20,0,0
2022-02-17 08:50:44.585836,bp,13,32.060001373291016,3,0,20,0,0
2022-02-17 08:56:31.165486,bp,12,32.150001525878906,2,0,20,0,0
2022-02-17 09:02:19.119407,bp,22,32.185001373291016,4,0,20,0,0
2022-02-17 09:08:05.983366,bp,19,32.275001525878906,4,0,20,0,0
2022-02-17 09:13:57.494514,bp,15,32.31999969482422,2,0,20,0,0
2022-02-17 09:19:44.139204,bp,16,32.33000183105469,2,0,20,0,0
2022-02-17 09:25:30.022555,bp,14,32.30500030517578,2,0,20,0,0
2022-02-17 09:31:18.428197,bp,15,32.34000015258789,3,0,20,0,0
2022-02-17 09:37:08.166843,bp,17,32.3849983215332,3,0,20,0,0
2022-02-17 09:42:56.254329,bp,21,32.310001373291016,3,0,20,0,0
2022-02-17 09:48:49.900138,bp,20,32.349998474121094,3,0,20,0,0
2022-02-17 09:54:39.958247,bp,21,32.349998474121094,3,0,20,0,0
2022-02-17 10:00:28.854579,bp,25,32.35499954223633,1,1,20,0,0
2022-02-17 10:06:19.196601,bp,27,32.400001525878906,2,1,20,0,0
2022-02-17 10:12:08.083024,bp,23,32.404998779296875,3,0,20,0,0
2022-02-17 10:17:57.290167,bp,22,32.440101623535156,3,0,20,0,0
2022-02-17 10:23:44.098656,bp,21,32.415000915527344,4,0,20,0,0
2022-02-17 10:29:36.221379,bp,21,32.45500183105469,5,0,20,0,0
2022-02-17 10:35:24.454346,bp,19,32.45209884643555,5,0,20,0,0
2022-02-17 10:41:12.162676,bp,14,32.435001373291016,5,1,20,0,0
2022-02-17 10:47:01.243953,bp,15,32.375,5,1,20,0,0
2022-02-17 10:52:49.410397,bp,15,32.375,3,1,20,0,0
2022-02-17 10:58:40.936905,bp,14,32.3650016784668,2,1,20,0,0
2022-02-17 11:04:39.939079,bp,15,32.36000061035156,5,1,20,0,0
2022-02-17 11:10:32.547927,bp,16,32.314998626708984,4,1,20,1,0
2022-02-17 11:16:22.396501,bp,17,32.363399505615234,5,1,20,1,0
2022-02-17 11:22:14.963382,bp,17,32.345001220703125,3,1,20,1,1
2022-02-17 11:28:07.514439,bp,15,32.32500076293945,1,0,20,1,1
2022-02-17 11:33:59.285211,bp,14,32.30500030517578,0,0,20,1,0
2022-02-17 11:39:50.830694,bp,16,32.290000915527344,1,0,20,1,0
2022-02-17 11:45:41.138738,bp,15,32.27000045776367,2,1,20,1,0
2022-02-17 11:51:28.695780,bp,12,32.279998779296875,1,0,20,1,0
2022-02-17 11:57:19.358512,bp,14,32.28499984741211,1,0,20,1,0
2022-02-17 12:03:06.816700,bp,28,32.27000045776367,4,0,20,1,0
2022-02-17 12:08:56.310980,bp,29,32.244998931884766,4,1,20,1,0
2022-02-17 12:14:46.120340,bp,30,32.189998626708984,6,1,20,0,0
2022-02-17 12:20:38.685729,bp,25,32.25,3,1,20,0,0
2022-02-17 12:26:27.574967,bp,23,32.24039840698242,3,0,20,0,0
2022-02-17 12:32:15.542418,bp,21,32.26499938964844,1,0,20,0,0
2022-02-17 12:38:04.121938,bp,21,32.26499938964844,1,0,20,0,0
2022-02-17 12:43:52.503965,bp,18,32.27000045776367,1,1,20,0,0
2022-02-17 12:49:42.737351,bp,19,32.28770065307617,1,3,20,0,0
2022-02-17 12:55:32.889534,bp,17,32.28499984741211,1,1,20,0,0
2022-02-17 13:01:22.876598,bp,15,32.26499938964844,1,1,20,0,0
2022-02-17 13:07:12.720438,bp,12,32.2400016784668,1,1,20,0,0
2022-02-17 13:13:02.806672,bp,15,32.22999954223633,2,1,20,0,0
2022-02-17 13:18:49.816530,bp,15,32.224998474121094,2,2,20,0,0
2022-02-17 13:24:40.669130,bp,15,32.30500030517578,3,2,20,0,0
2022-02-17 13:30:29.444011,bp,12,32.33000183105469,2,1,20,0,0
2022-02-17 13:36:14.974807,bp,10,32.36000061035156,2,0,20,0,0
2022-02-17 13:42:01.957325,bp,8,32.3650016784668,2,0,20,0,0
2022-02-17 13:47:47.997504,bp,7,32.35499954223633,1,0,20,0,0
2022-02-17 13:53:34.197734,bp,5,32.26499938964844,1,0,20,0,0
2022-02-17 13:59:26.175976,bp,7,32.29499816894531,1,2,20,0,0
2022-02-17 14:05:12.668405,bp,15,32.29999923706055,2,3,20,0,0
2022-02-17 14:11:03.254190,bp,15,32.29499816894531,2,1,20,0,0
2022-02-17 14:16:51.360701,bp,14,32.290000915527344,3,0,20,0,0
2022-02-17 14:22:46.644307,bp,14,32.290000915527344,4,1,20,0,0
2022-02-17 14:28:48.934758,bp,16,32.290000915527344,4,2,20,0,0
2022-02-17 14:34:53.144210,bp,17,32.290000915527344,4,2,20,0,0
2022-02-17 14:41:01.363191,bp,17,32.290000915527344,5,2,20,0,0
2022-02-17 14:47:05.527339,bp,19,32.290000915527344,5,2,20,0,0
2022-02-17 16:25:16.467080,bp,13,32.290000915527344,1,4,20,1,1
2022-02-17 16:35:21.496824,bp,13,32.290000915527344,2,4,20,1,1
2022-02-17 16:41:15.035788,bp,10,32.290000915527344,2,2,20,0,1
2022-02-17 16:47:06.590219,bp,9,32.290000915527344,2,2,20,0,1
2022-02-17 16:52:56.646335,bp,10,32.290000915527344,2,2,20,0,1
2022-02-17 16:58:48.955183,bp,10,32.290000915527344,2,2,20,0,1
2022-02-17 17:04:48.285442,bp,18,32.290000915527344,2,1,20,0,0
2022-02-17 17:10:39.755131,bp,17,32.290000915527344,1,2,20,0,0
2022-02-17 17:16:32.419279,bp,17,32.290000915527344,1,1,20,0,0
2022-02-17 17:22:20.285000,bp,16,32.290000915527344,1,1,20,0,0
2022-02-17 17:28:09.098326,bp,16,32.290000915527344,1,1,20,0,0
2022-02-17 17:33:58.583384,bp,14,32.290000915527344,0,1,20,0,0
2022-02-17 17:39:48.445954,bp,14,32.290000915527344,1,1,20,0,0
2022-02-17 17:45:38.853461,bp,12,32.290000915527344,1,1,20,0,0
2022-02-17 17:51:28.327995,bp,13,32.290000915527344,2,1,20,0,0
2022-02-17 17:57:15.496752,bp,13,32.290000915527344,2,1,20,0,0
2022-02-17 18:03:01.404986,bp,15,32.290000915527344,2,3,20,0,0
2022-02-17 18:08:50.893415,bp,13,32.290000915527344,2,1,20,0,0
2022-02-17 18:14:40.131681,bp,13,32.290000915527344,2,1,20,0,0
2022-02-17 18:20:31.207079,bp,11,32.290000915527344,2,0,20,0,0
2022-02-17 18:26:20.373950,bp,8,32.290000915527344,2,0,20,0,0
2022-02-17 18:32:09.198516,bp,5,32.290000915527344,1,0,20,0,0
2022-02-17 18:37:58.856308,bp,6,32.290000915527344,1,2,20,0,0
2022-02-17 18:43:48.157912,bp,6,32.290000915527344,0,2,20,0,0
2022-02-17 18:49:36.604746,bp,5,32.290000915527344,0,0,20,0,0
2022-02-17 18:55:24.174362,bp,5,32.290000915527344,0,0,20,0,0
2022-02-17 19:01:14.820256,bp,9,32.290000915527344,2,0,20,0,0
2022-02-17 19:07:05.443379,bp,8,32.290000915527344,2,0,20,0,0
2022-02-17 19:12:54.657561,bp,7,32.290000915527344,2,0,20,0,0
2022-02-17 19:18:44.705599,bp,5,32.290000915527344,1,2,20,0,0
2022-02-17 19:24:33.729579,bp,3,32.290000915527344,0,2,20,0,0
2022-02-17 19:30:24.237087,bp,4,32.290000915527344,0,2,20,0,0
2022-02-17 19:36:12.987823,bp,3,32.290000915527344,0,2,20,0,0
2022-02-17 19:42:03.762996,bp,5,32.290000915527344,0,2,20,0,0
2022-02-17 19:47:51.738382,bp,7,32.290000915527344,0,2,20,0,0
2022-02-17 19:53:39.105628,bp,7,32.290000915527344,0,2,20,0,1
2022-02-17 19:59:43.135306,bp,9,32.290000915527344,0,2,20,0,1
2022-02-17 20:05:35.551832,bp,9,32.290000915527344,0,2,20,0,1
2022-02-17 20:11:25.479293,bp,10,32.290000915527344,0,2,20,0,1
2022-02-17 20:17:13.119342,bp,10,32.290000915527344,0,2,20,0,1
2022-02-17 20:23:01.221145,bp,9,32.290000915527344,0,2,20,0,1
2022-02-17 20:28:49.653593,bp,5,32.290000915527344,0,0,20,0,1
2022-02-17 20:34:37.998449,bp,9,32.290000915527344,0,0,20,0,0
2022-02-17 20:40:25.445162,bp,7,32.290000915527344,0,0,20,0,0
2022-02-17 20:46:16.089391,bp,6,32.290000915527344,0,0,20,0,0
2022-02-17 20:52:01.788418,bp,5,32.290000915527344,0,0,20,0,0
2022-02-17 20:57:51.449286,bp,5,32.290000915527344,0,0,20,0,0
2022-02-17 21:03:39.027878,bp,8,32.290000915527344,0,0,20,0,0
2022-02-17 21:09:24.885453,bp,9,32.290000915527344,0,0,20,0,0
2022-02-17 21:15:11.847201,bp,9,32.290000915527344,0,0,20,0,0
2022-02-17 21:20:59.174993,bp,9,32.290000915527344,0,0,20,0,0
2022-02-17 21:26:49.535956,bp,10,32.290000915527344,0,0,20,0,0
2022-02-17 21:32:36.663886,bp,8,32.290000915527344,0,0,20,0,0
2022-02-17 21:38:23.642929,bp,8,32.290000915527344,0,0,20,0,0
2022-02-17 21:44:12.634263,bp,7,32.290000915527344,0,0,20,0,0
2022-02-17 21:49:58.589433,bp,6,32.290000915527344,0,0,20,0,0
2022-02-17 21:55:44.141647,bp,8,32.290000915527344,0,0,20,0,0
2022-02-17 22:01:30.347548,bp,12,32.290000915527344,0,1,20,0,0
2022-02-17 22:07:18.142973,bp,14,32.290000915527344,0,0,20,0,0
2022-02-17 22:13:03.467179,bp,15,32.290000915527344,0,2,20,0,0
2022-02-17 22:18:51.449607,bp,15,32.290000915527344,1,2,20,0,0
2022-02-17 22:24:37.545507,bp,15,32.290000915527344,1,2,20,0,0
2022-02-17 22:30:25.060297,bp,17,32.290000915527344,2,2,20,0,0
2022-02-17 22:36:11.066161,bp,15,32.290000915527344,2,2,20,0,0
2022-02-17 22:41:58.687333,bp,17,32.290000915527344,2,2,20,0,0
2022-02-17 22:47:45.954625,bp,16,32.290000915527344,2,2,20,1,0
2022-02-17 22:53:29.111868,bp,17,32.290000915527344,2,2,20,1,0
2022-02-17 22:59:15.092119,bp,18,32.290000915527344,3,2,20,1,0
2022-02-17 23:04:59.785169,bp,16,32.290000915527344,4,2,20,3,0
2022-02-17 23:10:45.512631,bp,16,32.290000915527344,4,0,20,1,0
2022-02-17 23:16:41.317343,bp,17,32.290000915527344,4,0,20,1,0
2022-02-17 23:22:33.502124,bp,17,32.290000915527344,4,0,20,1,0
2022-02-17 23:28:18.325189,bp,16,32.290000915527344,3,0,20,1,0
2022-02-17 23:34:05.477995,bp,15,32.290000915527344,3,0,20,1,0
2022-02-17 23:39:51.601127,bp,18,32.290000915527344,5,0,20,1,0
2022-02-17 23:45:39.184702,bp,16,32.290000915527344,4,0,20,0,0
2022-02-17 23:51:26.948660,bp,12,32.290000915527344,2,0,20,0,0
2022-02-17 23:57:11.746950,bp,10,32.290000915527344,1,0,20,0,0
2022-02-18 00:02:56.962447,bp,14,32.290000915527344,3,0,20,1,0
2022-02-18 00:08:45.125773,bp,13,32.290000915527344,3,0,20,0,0
2022-02-18 00:14:31.207911,bp,12,32.290000915527344,1,0,20,0,0
2022-02-18 00:20:17.836430,bp,14,32.290000915527344,1,0,20,0,0
2022-02-18 00:26:03.724455,bp,12,32.290000915527344,1,0,20,0,0
2022-02-18 00:31:51.136419,bp,12,32.290000915527344,1,0,20,0,0
2022-02-18 00:37:36.052437,bp,9,32.290000915527344,0,0,20,0,0
2022-02-18 00:43:22.824339,bp,7,32.290000915527344,0,0,20,0,0
2022-02-18 00:49:09.290877,bp,7,32.290000915527344,2,0,20,0,0
2022-02-18 00:54:55.281135,bp,8,32.290000915527344,4,0,20,0,0
2022-02-18 01:00:39.494125,bp,13,32.290000915527344,4,2,20,0,0
2022-02-18 01:06:29.718186,bp,11,32.290000915527344,2,2,20,0,0
2022-02-18 01:12:14.319912,bp,10,32.290000915527344,2,2,20,0,0
2022-02-18 01:17:58.771881,bp,9,32.290000915527344,2,1,20,0,0
2022-02-18 01:23:46.071511,bp,9,32.290000915527344,2,1,20,0,0
2022-02-18 01:29:31.829358,bp,9,32.290000915527344,2,1,20,0,0
2022-02-18 01:35:19.340014,bp,7,32.290000915527344,2,1,20,0,0
2022-02-18 01:41:04.426273,bp,7,32.290000915527344,2,1,20,0,0
2022-02-18 01:46:53.250892,bp,6,32.290000915527344,2,1,20,0,0
2022-02-18 01:52:38.706685,bp,5,32.290000915527344,2,0,20,0,0
2022-02-18 01:58:25.236654,bp,6,32.290000915527344,3,0,20,0,0
2022-02-18 02:04:11.763179,bp,12,32.290000915527344,3,0,20,0,0
2022-02-18 02:09:56.129054,bp,11,32.290000915527344,3,0,20,0,0
2022-02-18 02:15:42.998580,bp,11,32.290000915527344,3,0,20,0,0
2022-02-18 02:21:26.602910,bp,10,32.290000915527344,1,0,20,0,0
2022-02-18 02:27:12.699502,bp,9,32.290000915527344,1,0,20,0,0
2022-02-18 02:32:56.920850,bp,10,32.290000915527344,1,0,20,0,0
2022-02-18 02:38:40.821537,bp,9,32.290000915527344,1,0,20,1,0
2022-02-18 02:44:26.558180,bp,9,32.290000915527344,1,0,20,1,0
2022-02-18 02:50:09.644809,bp,8,32.290000915527344,1,0,20,1,0
2022-02-18 02:55:54.724529,bp,7,32.290000915527344,0,0,20,1,0
2022-02-18 03:01:42.138143,bp,14,32.290000915527344,2,0,20,1,0
2022-02-18 03:07:30.886143,bp,18,32.290000915527344,3,0,20,1,0
2022-02-18 03:13:17.705626,bp,16,32.290000915527344,4,0,20,1,0
2022-02-18 03:19:02.191577,bp,17,32.290000915527344,4,0,20,1,0
2022-02-18 03:24:48.677426,bp,15,32.290000915527344,4,0,20,2,0
2022-02-18 03:30:34.350738,bp,13,32.290000915527344,4,0,20,1,0
2022-02-18 03:36:20.071537,bp,13,32.290000915527344,4,0,20,1,0
2022-02-18 03:42:05.568892,bp,11,32.290000915527344,3,0,20,1,0
2022-02-18 03:47:51.129324,bp,11,32.290000915527344,4,1,20,1,0
2022-02-18 03:53:39.699422,bp,8,32.290000915527344,4,1,20,1,0
2022-02-18 03:59:23.132927,bp,8,32.290000915527344,4,1,20,1,0
2022-02-18 04:05:07.203119,bp,13,32.290000915527344,5,3,20,1,0
2022-02-18 04:10:52.637592,bp,14,32.290000915527344,4,3,20,1,0
2022-02-18 04:16:40.857591,bp,14,32.290000915527344,2,1,20,1,0
2022-02-18 04:22:27.402816,bp,15,32.290000915527344,2,1,20,0,0
2022-02-18 04:28:13.690039,bp,16,32.290000915527344,6,1,20,0,0
2022-02-18 04:34:01.377941,bp,15,32.290000915527344,6,1,20,0,0
2022-02-18 04:39:45.167714,bp,13,32.290000915527344,2,1,20,0,0
2022-02-18 04:45:30.387083,bp,15,32.290000915527344,4,0,20,0,0
2022-02-18 04:51:16.260443,bp,17,32.290000915527344,3,1,20,0,0
2022-02-18 04:57:05.401292,bp,17,32.290000915527344,3,1,20,1,0
2022-02-18 05:02:51.982962,bp,16,32.290000915527344,6,1,20,0,0
2022-02-18 05:08:38.581502,bp,14,32.290000915527344,6,1,20,1,0
2022-02-18 05:14:24.621756,bp,13,32.290000915527344,6,1,20,1,0
2022-02-18 05:20:11.382069,bp,14,32.290000915527344,3,1,20,0,0
2022-02-18 05:25:59.086992,bp,12,32.290000915527344,4,1,20,1,1
2022-02-18 05:31:47.305105,bp,8,32.290000915527344,3,0,20,1,1
2022-02-18 05:37:32.443035,bp,8,32.290000915527344,3,0,20,0,1
2022-02-18 05:43:18.858361,bp,9,32.290000915527344,3,0,20,0,1
2022-02-18 05:49:05.470518,bp,10,32.290000915527344,4,0,20,0,0
2022-02-18 05:54:55.181941,bp,11,32.290000915527344,3,0,20,0,0
2022-02-18 06:00:42.726202,bp,14,32.290000915527344,4,3,20,0,0
2022-02-18 06:06:30.069985,bp,18,32.290000915527344,4,3,20,0,0
2022-02-18 06:12:22.106960,bp,19,32.290000915527344,3,3,20,0,0
2022-02-18 06:18:08.953277,bp,19,32.290000915527344,3,4,20,0,0
2022-02-18 06:23:56.413829,bp,18,32.290000915527344,3,5,20,0,0
2022-02-18 06:29:44.747907,bp,18,32.290000915527344,1,5,20,0,0
2022-02-18 06:35:33.703517,bp,18,32.290000915527344,1,5,20,0,0
2022-02-18 06:41:22.545033,bp,15,32.290000915527344,1,3,20,0,0
2022-02-18 06:47:11.106804,bp,18,32.290000915527344,2,3,20,0,0
2022-02-18 06:52:57.474392,bp,18,32.290000915527344,2,3,20,0,0
2022-02-18 06:58:45.354830,bp,16,32.290000915527344,2,3,20,0,0
2022-02-18 07:04:35.274815,bp,23,32.290000915527344,3,4,20,0,0
2022-02-18 07:10:25.251359,bp,25,32.290000915527344,4,4,20,0,0
2022-02-18 07:16:14.088525,bp,24,32.290000915527344,5,2,20,0,0
2022-02-18 07:22:03.983901,bp,23,32.290000915527344,5,4,20,0,0
2022-02-18 07:27:52.573391,bp,23,32.290000915527344,5,2,20,0,0
2022-02-18 07:33:42.401716,bp,21,32.005001068115234,5,2,20,0,0
2022-02-18 07:39:30.041672,bp,18,32.040000915527344,4,2,20,0,0
2022-02-18 07:45:17.844070,bp,12,31.829999923706055,1,2,20,0,0
2022-02-18 07:51:05.811850,bp,12,32.099998474121094,1,3,20,0,0
2022-02-18 07:56:53.709916,bp,11,32.150001525878906,0,3,20,0,0
2022-02-18 08:02:39.919172,bp,16,32.029998779296875,1,3,20,0,0
2022-02-18 08:08:30.304036,bp,21,32.060001373291016,2,3,20,0,0
2022-02-18 08:14:17.467882,bp,23,32.08000183105469,2,3,20,0,0
2022-02-18 08:20:04.123555,bp,22,32.06999969482422,2,1,20,0,0
2022-02-18 08:25:52.448386,bp,23,32.029998779296875,2,1,20,0,0
2022-02-18 08:31:38.078651,bp,26,31.954999923706055,3,1,20,0,0
2022-02-18 08:37:40.494966,bp,25,31.988500595092773,3,2,20,0,0
2022-02-18 08:43:28.230403,bp,26,31.934999465942383,3,2,20,0,0
2022-02-18 08:49:15.475759,bp,28,31.924999237060547,3,1,20,0,0
2022-02-18 08:55:01.756968,bp,24,31.920000076293945,3,1,20,0,0
2022-02-18 09:00:48.964796,bp,27,31.889999389648438,2,1,20,0,0
2022-02-18 09:06:38.698952,bp,27,31.834999084472656,2,1,20,0,0
2022-02-18 09:12:30.859376,bp,27,31.915000915527344,1,1,20,0,0
2022-02-18 09:18:19.675760,bp,24,31.929899215698242,0,1,20,0,0
2022-02-18 09:24:08.295949,bp,25,32.0,1,0,20,0,0
2022-02-18 09:29:55.989768,bp,21,31.889999389648438,2,0,20,0,0
2022-02-18 09:35:41.942694,bp,19,31.860000610351562,2,0,20,0,0
2022-02-18 09:41:28.915180,bp,17,31.885000228881836,1,0,20,0,0
2022-02-18 09:47:20.911106,bp,14,31.864999771118164,1,0,20,0,0
2022-02-18 09:53:07.064977,bp,11,31.809999465942383,1,0,20,0,0
2022-02-18 09:58:54.423052,bp,12,31.684999465942383,1,0,20,0,0
2022-02-18 10:04:41.150004,bp,22,31.665000915527344,1,0,20,0,0
2022-02-18 10:10:28.913942,bp,21,31.655000686645508,1,2,20,0,0
2022-02-18 10:16:15.426445,bp,22,31.65999984741211,1,1,20,0,0
2022-02-18 10:22:02.736236,bp,20,31.719999313354492,3,1,20,0,0
2022-02-18 10:27:54.141699,bp,18,31.75,2,1,20,0,0
2022-02-18 10:33:43.369382,bp,16,31.734800338745117,2,1,20,0,0
2022-02-18 10:39:30.744383,bp,17,31.709999084472656,2,1,20,0,0
2022-02-18 10:45:19.703398,bp,14,31.700000762939453,3,1,20,1,0
2022-02-18 10:51:07.655533,bp,14,31.735000610351562,3,2,20,0,0
2022-02-18 10:56:53.366493,bp,11,31.760000228881836,4,1,20,0,0
2022-02-18 11:02:41.914154,bp,14,31.729999542236328,1,3,20,0,0
2022-02-18 11:08:30.843917,bp,16,31.746200561523438,1,3,20,0,0
2022-02-18 11:14:17.698574,bp,15,31.739999771118164,2,3,20,0,0
2022-02-18 11:20:03.182480,bp,16,31.747600555419922,2,4,20,0,0
2022-02-18 11:25:50.694787,bp,13,31.809999465942383,2,4,20,0,0
2022-02-18 11:31:36.993537,bp,11,31.78499984741211,2,4,20,1,0
2022-02-18 11:37:26.205872,bp,12,31.764999389648438,2,5,20,1,0
2022-02-18 11:43:13.015428,bp,10,31.775400161743164,2,3,20,0,0
2022-02-18 11:49:02.221696,bp,11,31.795000076293945,3,3,20,0,0
2022-02-18 11:54:49.178121,bp,9,31.825000762939453,2,2,20,0,0
2022-02-18 12:00:36.209472,bp,19,31.799999237060547,5,3,20,0,0
2022-02-18 12:06:25.339501,bp,19,31.799999237060547,4,3,20,0,0
2022-02-18 12:12:16.456067,bp,19,31.78499984741211,4,1,20,0,0
2022-02-18 12:18:07.904696,bp,19,31.81329917907715,5,1,20,0,0
2022-02-18 12:23:54.669393,bp,18,31.84000015258789,5,1,20,0,0
2022-02-18 12:29:42.256593,bp,14,31.872800827026367,2,0,20,0,0
2022-02-18 12:35:29.415891,bp,12,31.844999313354492,2,0,20,0,0
2022-02-18 12:41:14.901491,bp,11,31.809999465942383,1,0,20,0,0
2022-02-18 12:47:01.298877,bp,13,31.834999084472656,2,0,20,0,0
2022-02-18 12:52:52.760096,bp,13,31.844999313354492,1,0,20,0,0
2022-02-18 12:58:40.689876,bp,12,31.90999984741211,0,0,20,0,0
2022-02-18 13:04:26.183835,bp,16,31.854999542236328,1,1,20,0,0
2022-02-18 13:10:15.001268,bp,14,31.860000610351562,1,1,20,0,0
2022-02-18 13:16:04.626038,bp,10,31.81999969482422,1,1,20,0,0
2022-02-18 13:21:54.035603,bp,9,31.809999465942383,0,1,20,0,0
2022-02-18 13:27:45.502710,bp,9,31.78499984741211,0,1,20,0,0
2022-02-18 13:33:34.328466,bp,6,31.684999465942383,0,1,20,0,0
2022-02-18 13:39:22.005267,bp,6,31.68000030517578,0,1,20,0,0
2022-02-18 13:45:10.749621,bp,6,31.78499984741211,0,1,20,0,0
2022-02-18 13:50:58.852422,bp,4,31.750999450683594,0,1,20,0,0
2022-02-18 13:56:47.558697,bp,5,31.774999618530273,0,1,20,0,0
2022-02-18 14:02:41.571184,bp,11,31.770000457763672,1,0,20,0,0
2022-02-18 14:08:30.285740,bp,9,31.770000457763672,1,0,20,0,0
2022-02-18 14:14:22.693837,bp,9,31.770000457763672,1,1,20,0,0
2022-02-18 14:20:13.555830,bp,10,31.770000457763672,1,1,20,0,0
2022-02-18 14:26:02.619527,bp,12,31.770000457763672,5,1,20,0,0
2022-02-18 14:31:47.656443,bp,14,31.770000457763672,3,1,20,0,0
2022-02-18 14:37:39.048166,bp,16,31.770000457763672,3,1,20,0,0
2022-02-18 14:43:27.277097,bp,19,31.770000457763672,3,1,20,0,0
2022-02-18 14:49:15.066247,bp,18,31.770000457763672,3,1,20,0,0
2022-02-18 14:55:02.072777,bp,19,31.770000457763672,3,1,20,0,0
2022-02-18 15:00:57.762380,bp,32,31.770000457763672,6,4,20,0,0
2022-02-18 15:06:56.160072,bp,33,31.770000457763672,4,4,20,0,0
2022-02-18 15:12:45.051908,bp,28,31.770000457763672,2,2,20,0,0
2022-02-18 15:18:33.632427,bp,25,31.770000457763672,1,2,20,0,0
2022-02-18 15:24:21.171647,bp,23,31.770000457763672,0,2,20,0,0
2022-02-18 15:30:08.493712,bp,21,31.770000457763672,0,2,20,0,0
2022-02-18 15:35:53.721341,bp,17,31.770000457763672,0,3,20,0,0
2022-02-18 15:41:40.965521,bp,13,31.770000457763672,0,1,20,0,0
2022-02-18 15:47:30.940346,bp,15,31.770000457763672,0,1,20,0,0
2022-02-18 15:53:19.362845,bp,13,31.770000457763672,0,1,20,0,0
2022-02-18 15:59:06.582686,bp,11,31.770000457763672,0,2,20,0,0
2022-02-18 16:04:53.281683,bp,14,31.770000457763672,0,3,20,0,0
2022-02-18 16:10:42.926487,bp,13,31.770000457763672,0,3,20,0,0
2022-02-18 16:16:28.763453,bp,12,31.770000457763672,0,3,20,0,0
2022-02-18 16:22:16.891733,bp,12,31.770000457763672,0,3,20,0,0
2022-02-18 16:28:09.249511,bp,13,31.770000457763672,0,3,20,0,0
2022-02-18 16:33:56.057878,bp,15,31.770000457763672,0,2,20,0,0
2022-02-18 16:39:45.079691,bp,14,31.770000457763672,0,1,20,0,0
2022-02-18 16:45:32.889161,bp,11,31.770000457763672,0,1,20,0,0
2022-02-18 16:51:20.403222,bp,9,31.770000457763672,0,1,20,0,0
2022-02-18 16:57:06.979966,bp,11,31.770000457763672,0,0,20,0,0
2022-02-18 17:02:54.439141,bp,13,31.770000457763672,0,0,20,0,0
2022-02-18 17:08:43.092004,bp,17,31.770000457763672,1,0,20,0,0
2022-02-18 17:14:29.592106,bp,18,31.770000457763672,1,0,20,0,0
2022-02-18 17:20:15.418972,bp,15,31.770000457763672,1,0,20,0,0
2022-02-18 17:26:01.758536,bp,14,31.770000457763672,1,0,20,0,0
2022-02-18 17:31:48.592007,bp,15,31.770000457763672,1,3,20,0,0
2022-02-18 17:37:42.057714,bp,16,31.770000457763672,3,3,20,0,0
2022-02-18 17:43:30.988567,bp,14,31.770000457763672,1,2,20,0,0
2022-02-18 17:49:18.440039,bp,16,31.770000457763672,1,2,20,0,0
2022-02-18 17:55:07.535989,bp,16,31.770000457763672,1,3,20,0,0
2022-02-18 18:00:54.384849,bp,14,31.770000457763672,2,4,20,0,0
2022-02-18 18:06:44.627032,bp,12,31.770000457763672,2,4,20,0,0
2022-02-18 18:12:30.347083,bp,11,31.770000457763672,2,4,20,0,0
2022-02-18 18:18:18.278607,bp,12,31.770000457763672,2,3,20,0,0
2022-02-18 18:24:06.646280,bp,11,31.770000457763672,2,3,20,0,0
2022-02-18 18:29:52.141540,bp,7,31.770000457763672,0,1,20,0,0
2022-02-18 18:35:39.222289,bp,4,31.770000457763672,0,1,20,0,0
2022-02-18 18:41:26.638614,bp,6,31.770000457763672,0,0,20,0,0
2022-02-18 18:47:15.293656,bp,6,31.770000457763672,0,0,20,1,0
2022-02-18 18:53:04.063812,bp,6,31.770000457763672,0,0,20,1,0
2022-02-18 18:58:50.872367,bp,6,31.770000457763672,0,0,20,1,0
2022-02-18 19:04:40.830430,bp,8,31.770000457763672,0,0,20,1,0
2022-02-18 19:10:28.982628,bp,8,31.770000457763672,0,0,20,2,0
2022-02-18 19:16:20.344640,bp,8,31.770000457763672,0,0,20,1,0
2022-02-18 19:22:08.708863,bp,11,31.770000457763672,0,0,20,1,0
2022-02-18 19:27:55.579976,bp,12,31.770000457763672,0,0,20,1,0
2022-02-18 19:33:45.286103,bp,11,31.770000457763672,0,0,20,0,0
2022-02-18 19:39:31.348885,bp,12,31.770000457763672,0,0,20,0,0
2022-02-18 19:45:17.497466,bp,10,31.770000457763672,0,0,20,0,0
2022-02-18 19:51:04.423978,bp,8,31.770000457763672,0,0,20,0,0
2022-02-18 19:56:47.489424,bp,7,31.770000457763672,0,0,20,0,0
2022-02-18 20:02:41.141431,bp,7,31.770000457763672,0,0,20,0,0
2022-02-18 20:08:31.227265,bp,6,31.770000457763672,0,0,20,0,0
2022-02-18 20:14:28.780396,bp,7,31.770000457763672,0,1,20,0,0
2022-02-18 20:20:13.820178,bp,5,31.770000457763672,0,1,20,0,0
2022-02-18 20:26:01.986528,bp,7,31.770000457763672,0,2,20,0,0
2022-02-18 20:31:48.720075,bp,8,31.770000457763672,0,2,20,0,0
2022-02-18 20:37:34.528556,bp,9,31.770000457763672,0,2,20,0,0
2022-02-18 20:43:21.888858,bp,9,31.770000457763672,1,2,20,0,0
2022-02-18 20:49:09.180967,bp,12,31.770000457763672,1,2,20,0,0
2022-02-18 20:55:00.791496,bp,11,31.770000457763672,1,2,20,0,0
2022-02-18 21:00:47.625314,bp,11,31.770000457763672,1,2,20,0,0
2022-02-18 21:06:35.793596,bp,10,31.770000457763672,1,1,20,0,0
2022-02-18 21:12:26.254961,bp,14,31.770000457763672,1,1,20,0,0
2022-02-18 21:18:12.837444,bp,13,31.770000457763672,1,1,20,0,0
2022-02-18 21:23:59.851978,bp,11,31.770000457763672,1,0,20,0,0
2022-02-18 21:29:45.775439,bp,10,31.770000457763672,1,0,20,0,0
2022-02-18 21:35:34.499288,bp,10,31.770000457763672,1,0,20,0,0
2022-02-18 21:41:22.219053,bp,9,31.770000457763672,0,0,20,0,0
2022-02-18 21:47:08.254211,bp,8,31.770000457763672,0,0,20,0,0
2022-02-18 21:52:52.882043,bp,7,31.770000457763672,0,0,20,0,0
2022-02-18 21:58:43.613744,bp,9,31.770000457763672,0,0,20,0,0
2022-02-18 22:04:30.114631,bp,13,31.770000457763672,1,0,20,0,0
2022-02-18 22:10:16.221247,bp,12,31.770000457763672,2,0,20,0,0
2022-02-18 22:15:59.727811,bp,12,31.770000457763672,2,1,20,0,0
2022-02-18 22:21:45.934931,bp,15,31.770000457763672,2,2,20,0,0
2022-02-18 22:27:35.440041,bp,15,31.770000457763672,2,2,20,0,0
2022-02-18 22:33:23.441086,bp,16,31.770000457763672,2,3,20,1,0
2022-02-18 22:39:12.052144,bp,14,31.770000457763672,1,3,20,1,0
2022-02-18 22:44:57.304816,bp,14,31.770000457763672,1,3,20,1,0
2022-02-18 22:50:43.030987,bp,12,31.770000457763672,0,3,20,1,0
2022-02-18 22:56:28.540436,bp,11,31.770000457763672,0,3,20,1,0
2022-02-18 23:02:15.278648,bp,8,31.770000457763672,1,2,20,1,0
2022-02-18 23:08:05.010028,bp,9,31.770000457763672,1,2,20,1,0
2022-02-18 23:13:52.035528,bp,8,31.770000457763672,0,0,20,2,0
2022-02-18 23:19:35.665395,bp,6,31.770000457763672,0,0,20,4,0
2022-02-18 23:25:19.495527,bp,6,31.770000457763672,0,0,20,5,0
2022-02-18 23:31:03.326082,bp,7,31.770000457763672,0,0,20,4,0
2022-02-18 23:36:48.156034,bp,8,31.770000457763672,0,0,20,4,0
2022-02-18 23:42:33.977026,bp,7,31.770000457763672,0,0,20,5,1
2022-02-18 23:48:18.175993,bp,7,31.770000457763672,0,0,20,5,1
2022-02-18 23:54:06.240778,bp,7,31.770000457763672,0,0,20,4,1
2022-02-18 23:59:50.091131,bp,10,31.770000457763672,0,0,20,3,1
2022-02-19 00:05:34.607388,bp,10,31.770000457763672,0,0,20,2,1
2022-02-19 00:11:18.538017,bp,11,31.770000457763672,0,0,20,1,1
2022-02-19 00:17:05.041161,bp,11,31.770000457763672,0,0,20,5,1
2022-02-19 00:22:52.198570,bp,11,31.770000457763672,0,0,20,3,1
2022-02-19 00:28:42.261673,bp,11,31.770000457763672,0,0,20,1,1
2022-02-19 00:34:29.002979,bp,9,31.770000457763672,0,0,20,1,1
2022-02-19 00:40:14.103161,bp,7,31.770000457763672,0,0,20,1,1
2022-02-19 00:45:59.044710,bp,7,31.770000457763672,0,0,20,0,0
2022-02-19 00:51:43.486171,bp,8,31.770000457763672,0,0,20,0,0
2022-02-19 00:57:29.788771,bp,8,31.770000457763672,2,0,20,0,0
2022-02-19 01:03:12.833473,bp,5,31.770000457763672,2,0,20,0,0
2022-02-19 01:09:01.328632,bp,5,31.770000457763672,2,0,20,0,0
2022-02-19 01:14:47.974698,bp,6,31.770000457763672,2,0,20,0,0
2022-02-19 01:20:32.770422,bp,5,31.770000457763672,2,0,20,0,0
2022-02-19 01:26:19.865887,bp,5,31.770000457763672,2,0,20,0,0
2022-02-19 01:32:04.184061,bp,6,31.770000457763672,2,0,20,0,0
2022-02-19 01:37:49.652832,bp,6,31.770000457763672,2,0,20,0,0
2022-02-19 01:43:37.409226,bp,6,31.770000457763672,0,1,20,0,0
2022-02-19 01:49:23.771335,bp,5,31.770000457763672,0,1,20,0,0
2022-02-19 01:55:10.698605,bp,5,31.770000457763672,0,1,20,0,0
2022-02-19 02:00:55.622030,bp,4,31.770000457763672,0,1,20,0,0
2022-02-19 02:06:39.352202,bp,6,31.770000457763672,1,1,20,0,0
2022-02-19 02:12:23.586622,bp,6,31.770000457763672,1,1,20,0,0
2022-02-19 02:18:08.360595,bp,7,31.770000457763672,1,1,20,0,0
2022-02-19 02:23:54.543341,bp,10,31.770000457763672,1,1,20,0,0
2022-02-19 02:29:38.230309,bp,9,31.770000457763672,1,1,20,0,0
2022-02-19 02:35:23.692866,bp,10,31.770000457763672,1,1,20,0,0
2022-02-19 02:41:11.084276,bp,9,31.770000457763672,1,0,20,0,0
2022-02-19 02:46:54.373427,bp,9,31.770000457763672,1,0,20,0,0
2022-02-19 02:52:39.525909,bp,8,31.770000457763672,1,0,20,0,0
2022-02-19 02:58:24.167616,bp,8,31.770000457763672,1,0,20,0,0
2022-02-19 03:04:11.492551,bp,11,31.770000457763672,1,1,20,0,0
2022-02-19 03:09:56.685551,bp,12,31.770000457763672,1,1,20,1,0
2022-02-19 03:15:43.356333,bp,12,31.770000457763672,1,3,20,1,0
2022-02-19 03:21:29.263331,bp,11,31.770000457763672,1,1,20,1,0
2022-02-19 03:27:15.948592,bp,10,31.770000457763672,1,1,20,2,0
2022-02-19 03:33:01.081268,bp,7,31.770000457763672,1,1,20,2,0
2022-02-19 03:38:43.743442,bp,5,31.770000457763672,0,1,20,1,0
2022-02-19 03:44:30.395365,bp,5,31.770000457763672,0,1,20,1,0
2022-02-19 03:50:15.927704,bp,4,31.770000457763672,0,0,20,1,0
2022-02-19 03:56:02.299687,bp,3,31.770000457763672,0,0,20,1,0
2022-02-19 04:01:48.537055,bp,6,31.770000457763672,3,1,20,0,0
2022-02-19 04:07:34.938429,bp,4,31.770000457763672,2,1,20,0,0
2022-02-19 04:13:17.485157,bp,5,31.770000457763672,2,1,20,1,1
2022-02-19 04:19:06.264407,bp,10,31.770000457763672,4,1,20,0,1
2022-02-19 04:24:51.336967,bp,9,31.770000457763672,4,1,20,0,1
2022-02-19 04:30:37.815316,bp,10,31.770000457763672,4,1,20,0,0
2022-02-19 04:36:22.405251,bp,13,31.770000457763672,4,1,20,0,0
2022-02-19 04:42:10.107055,bp,12,31.770000457763672,4,1,20,1,1
2022-02-19 04:47:55.339254,bp,12,31.770000457763672,4,1,20,1,0
2022-02-19 04:53:41.581341,bp,12,31.770000457763672,4,1,20,1,0
2022-02-19 04:59:27.988227,bp,10,31.770000457763672,4,1,20,1,0
2022-02-19 05:05:13.459780,bp,12,31.770000457763672,3,2,20,1,0
2022-02-19 05:10:58.894716,bp,13,31.770000457763672,3,4,20,1,0
2022-02-19 05:16:45.960341,bp,9,31.770000457763672,1,4,20,1,0
2022-02-19 05:22:31.092042,bp,10,31.770000457763672,1,3,20,1,0
2022-02-19 05:28:16.061748,bp,11,31.770000457763672,1,3,20,1,0
2022-02-19 05:34:02.221170,bp,9,31.770000457763672,1,3,20,1,0
2022-02-19 05:39:54.029891,bp,6,31.770000457763672,1,1,20,1,0
2022-02-19 05:45:39.214081,bp,7,31.770000457763672,1,3,20,1,0
2022-02-19 05:51:25.431555,bp,11,31.770000457763672,1,3,20,1,1
2022-02-19 05:57:12.649010,bp,11,31.770000457763672,1,3,20,1,1
2022-02-19 06:03:00.318127,bp,11,31.770000457763672,2,1,20,1,0
2022-02-19 06:08:45.639207,bp,10,31.770000457763672,0,1,20,1,1
2022-02-19 06:14:34.546248,bp,12,31.770000457763672,1,2,20,1,1
2022-02-19 06:20:20.054512,bp,12,31.770000457763672,1,2,20,1,0
2022-02-19 06:26:04.581494,bp,13,31.770000457763672,1,2,20,1,0
2022-02-19 06:31:49.306454,bp,12,31.770000457763672,1,2,20,1,1
2022-02-19 06:37:36.953739,bp,12,31.770000457763672,1,1,20,1,1
2022-02-19 06:43:23.627773,bp,13,31.770000457763672,1,1,20,1,0
2022-02-19 06:49:08.655913,bp,10,31.770000457763672,1,1,20,3,0
2022-02-19 06:54:56.420783,bp,10,31.770000457763672,1,1,20,0,0
2022-02-19 07:00:42.592950,bp,12,31.770000457763672,0,1,20,0,1
2022-02-19 07:06:30.585531,bp,12,31.770000457763672,0,0,20,0,1
2022-02-19 07:12:18.731028,bp,11,31.770000457763672,0,0,20,1,0
2022-02-19 07:18:04.869179,bp,14,31.770000457763672,1,0,20,0,0
2022-02-19 07:23:51.924861,bp,11,31.770000457763672,2,0,20,1,0
2022-02-19 07:29:39.812695,bp,11,31.770000457763672,2,0,20,2,0
2022-02-19 07:35:24.184229,bp,10,31.770000457763672,2,0,20,1,0
2022-02-19 07:41:10.110853,bp,10,31.770000457763672,2,0,20,1,0
2022-02-19 07:46:56.404903,bp,9,31.770000457763672,2,0,20,1,0
2022-02-19 07:52:42.761944,bp,9,31.770000457763672,2,0,20,1,0
2022-02-19 07:58:32.358959,bp,9,31.770000457763672,5,0,20,2,0
2022-02-19 08:04:19.989731,bp,12,31.770000457763672,6,1,20,0,0
2022-02-19 08:10:11.504554,bp,9,31.770000457763672,5,1,20,1,0
2022-02-19 08:15:58.868925,bp,9,31.770000457763672,5,1,20,1,0
2022-02-19 08:21:44.809095,bp,7,31.770000457763672,4,1,20,1,0
2022-02-19 08:27:31.160783,bp,7,31.770000457763672,4,1,20,1,0
2022-02-19 08:33:19.869582,bp,6,31.770000457763672,4,1,20,1,0
2022-02-19 08:39:06.595380,bp,6,31.770000457763672,4,1,20,1,0
2022-02-19 08:44:55.822859,bp,6,31.770000457763672,4,1,20,0,0
2022-02-19 08:50:43.472726,bp,7,31.770000457763672,1,1,20,0,0
2022-02-19 08:56:28.162563,bp,6,31.770000457763672,1,1,20,0,0
2022-02-19 09:02:14.382356,bp,5,31.770000457763672,0,0,20,0,0
2022-02-19 09:07:59.953463,bp,7,31.770000457763672,0,0,20,0,0
2022-02-19 09:13:46.689180,bp,7,31.770000457763672,0,0,20,0,0
2022-02-19 09:19:34.166158,bp,9,31.770000457763672,0,0,20,0,0
2022-02-19 09:25:21.746475,bp,9,31.770000457763672,0,0,20,0,0
2022-02-19 09:31:06.984405,bp,10,31.770000457763672,0,0,20,0,0
2022-02-19 09:36:55.827073,bp,10,31.770000457763672,0,0,20,0,0
2022-02-19 09:42:41.569952,bp,10,31.770000457763672,0,0,20,0,0
2022-02-19 09:48:28.304628,bp,9,31.770000457763672,0,0,20,0,0
2022-02-19 09:54:17.546498,bp,7,31.770000457763672,0,0,20,0,0
2022-02-19 10:00:06.271739,bp,8,31.770000457763672,0,0,20,1,0
2022-02-19 10:05:55.183259,bp,5,31.770000457763672,0,1,20,1,0
2022-02-19 10:11:41.542111,bp,6,31.770000457763672,0,1,20,1,0
2022-02-19 10:17:29.913449,bp,5,31.770000457763672,0,1,20,0,0
2022-02-19 10:23:16.997600,bp,4,31.770000457763672,0,1,20,0,0
2022-02-19 10:29:02.689859,bp,2,31.770000457763672,0,1,20,0,0
2022-02-19 10:40:37.930914,bp,2,31.770000457763672,0,1,20,0,0
2022-02-19 10:46:21.966641,bp,4,31.770000457763672,0,1,20,0,0
2022-02-19 10:52:08.708933,bp,4,31.770000457763672,0,1,20,0,0
2022-02-19 10:57:55.803207,bp,4,31.770000457763672,0,1,20,0,0
2022-02-19 11:03:40.830272,bp,6,31.770000457763672,0,0,20,0,0
2022-02-19 11:09:25.959733,bp,6,31.770000457763672,0,0,20,0,0
2022-02-19 11:15:15.336051,bp,3,31.770000457763672,0,0,20,0,0
2022-02-19 11:21:02.390886,bp,3,31.770000457763672,0,1,20,0,0
2022-02-19 11:26:49.295401,bp,2,31.770000457763672,0,1,20,0,0
2022-02-19 11:32:34.887214,bp,2,31.770000457763672,0,0,20,0,0
2022-02-19 11:38:25.515107,bp,3,31.770000457763672,0,0,20,0,0
2022-02-19 11:44:10.200636,bp,2,31.770000457763672,0,0,20,0,0
2022-02-19 11:49:56.695138,bp,2,31.770000457763672,0,0,20,0,0
2022-02-19 11:55:42.739485,bp,2,31.770000457763672,0,0,20,0,0
2022-02-19 12:01:27.783691,bp,4,31.770000457763672,0,0,20,0,0
2022-02-19 12:07:13.402888,bp,4,31.770000457763672,0,0,20,0,0
2022-02-19 12:13:00.484179,bp,5,31.770000457763672,0,0,20,0,0
2022-02-19 12:18:46.239292,bp,5,31.770000457763672,0,0,20,0,0
2022-02-19 12:24:32.123350,bp,4,31.770000457763672,0,0,20,0,0
2022-02-19 12:30:18.898099,bp,4,31.770000457763672,0,0,20,0,0
2022-02-19 12:36:04.885818,bp,3,31.770000457763672,0,0,20,0,0
2022-02-19 12:41:49.746330,bp,3,31.770000457763672,0,0,20,0,0
2022-02-19 12:47:36.038144,bp,3,31.770000457763672,0,0,20,0,0
2022-02-19 12:53:21.426466,bp,4,31.770000457763672,0,0,20,0,0
2022-02-19 12:59:05.308085,bp,5,31.770000457763672,0,0,20,0,0
2022-02-19 13:04:53.366087,bp,7,31.770000457763672,0,0,20,0,1
2022-02-19 13:10:41.145221,bp,7,31.770000457763672,0,1,20,0,1
2022-02-19 13:16:33.743978,bp,8,31.770000457763672,0,2,20,0,1
2022-02-19 13:22:19.404975,bp,9,31.770000457763672,1,2,20,0,0
2022-02-19 13:28:05.693323,bp,5,31.770000457763672,0,2,20,0,1
2022-02-19 13:33:51.367385,bp,4,31.770000457763672,0,2,20,0,1
2022-02-19 13:39:36.776059,bp,4,31.770000457763672,0,2,20,0,1
2022-02-19 13:45:27.366194,bp,3,31.770000457763672,0,2,20,0,0
2022-02-19 13:51:11.840191,bp,4,31.770000457763672,0,2,20,0,0
2022-02-19 13:56:57.687243,bp,5,31.770000457763672,0,1,20,0,0
2022-02-19 14:02:40.565110,bp,6,31.770000457763672,1,2,20,0,0
2022-02-19 14:08:25.264809,bp,4,31.770000457763672,1,0,20,0,0
2022-02-19 14:14:09.906204,bp,4,31.770000457763672,1,0,20,0,0
2022-02-19 14:19:55.321110,bp,7,31.770000457763672,1,1,20,0,0
2022-02-19 14:25:44.334580,bp,8,31.770000457763672,1,1,20,0,0
2022-02-19 14:31:29.577620,bp,8,31.770000457763672,1,1,20,0,0
2022-02-19 14:37:15.457697,bp,8,31.770000457763672,1,1,20,0,0
2022-02-19 14:43:00.218026,bp,9,31.770000457763672,1,1,20,0,0
2022-02-19 14:48:46.404439,bp,4,31.770000457763672,1,1,20,0,0
2022-02-19 14:54:31.275599,bp,3,31.770000457763672,0,1,20,0,0
2022-02-19 15:00:16.274052,bp,3,31.770000457763672,0,1,20,0,0
2022-02-19 15:06:05.138529,bp,6,31.770000457763672,0,1,20,0,0
2022-02-19 15:11:49.144465,bp,7,31.770000457763672,0,1,20,0,0
2022-02-19 15:17:35.687977,bp,7,31.770000457763672,0,0,20,0,0
2022-02-19 15:23:20.574175,bp,7,31.770000457763672,0,0,20,0,0
2022-02-19 15:29:06.620439,bp,8,31.770000457763672,0,1,20,0,0
2022-02-19 15:34:51.741693,bp,8,31.770000457763672,0,1,20,0,0
2022-02-19 15:40:36.753043,bp,7,31.770000457763672,0,1,20,0,0
2022-02-19 15:46:24.009886,bp,8,31.770000457763672,0,1,20,0,0
2022-02-19 15:52:06.983309,bp,8,31.770000457763672,0,1,20,0,0
2022-02-19 15:57:50.255334,bp,9,31.770000457763672,0,1,20,0,0
2022-02-19 16:03:34.880801,bp,5,31.770000457763672,0,1,20,0,0
2022-02-19 16:09:21.602431,bp,6,31.770000457763672,1,1,20,0,0
2022-02-19 16:15:07.959123,bp,6,31.770000457763672,1,1,20,0,0
2022-02-19 16:20:56.073362,bp,7,31.770000457763672,2,1,20,0,0
2022-02-19 16:26:39.606034,bp,5,31.770000457763672,2,0,20,0,0
2022-02-19 16:32:24.116391,bp,4,31.770000457763672,2,0,20,0,0
2022-02-19 16:38:07.755126,bp,3,31.770000457763672,2,0,20,0,0
2022-02-19 16:43:54.203305,bp,5,31.770000457763672,3,0,20,0,0
2022-02-19 16:49:37.686884,bp,4,31.770000457763672,2,0,20,0,0
2022-02-19 16:55:23.863021,bp,4,31.770000457763672,2,0,20,0,0
2022-02-19 17:01:10.093136,bp,4,31.770000457763672,2,0,20,0,0
2022-02-19 17:06:54.091469,bp,5,31.770000457763672,2,1,20,0,0
2022-02-19 17:12:39.955700,bp,5,31.770000457763672,2,1,20,0,0
2022-02-19 17:18:26.295386,bp,4,31.770000457763672,1,1,20,0,0
2022-02-19 17:24:09.151819,bp,5,31.770000457763672,1,1,20,0,0
2022-02-19 17:29:53.754330,bp,5,31.770000457763672,0,1,20,0,0
2022-02-19 17:35:44.046605,bp,8,31.770000457763672,0,1,20,0,0
2022-02-19 17:41:29.629632,bp,6,31.770000457763672,0,1,20,0,0
2022-02-19 17:47:14.882838,bp,8,31.770000457763672,1,1,20,0,0
2022-02-19 17:52:58.082043,bp,9,31.770000457763672,1,1,20,0,0
2022-02-19 17:58:41.721009,bp,10,31.770000457763672,1,1,20,0,0
2022-02-19 18:04:25.893606,bp,11,31.770000457763672,3,0,20,0,0
2022-02-19 18:10:13.353690,bp,13,31.770000457763672,3,0,20,0,0
2022-02-19 18:15:59.850613,bp,12,31.770000457763672,3,0,20,0,0
2022-02-19 18:21:43.500285,bp,12,31.770000457763672,3,0,20,0,0
2022-02-19 18:27:28.516159,bp,12,31.770000457763672,3,0,20,0,0
2022-02-19 18:33:11.698119,bp,11,31.770000457763672,3,0,20,0,0
2022-02-19 18:38:59.071876,bp,9,31.770000457763672,2,0,20,0,0
2022-02-19 18:44:45.709758,bp,8,31.770000457763672,3,0,20,1,0
2022-02-19 18:50:30.473722,bp,8,31.770000457763672,3,0,20,2,0
2022-02-19 18:56:18.141162,bp,9,31.770000457763672,4,0,20,2,0
2022-02-19 19:02:03.813172,bp,8,31.770000457763672,2,0,20,2,0
2022-02-19 19:07:49.599164,bp,7,31.770000457763672,2,0,20,2,0
2022-02-19 19:13:35.016191,bp,8,31.770000457763672,2,0,20,2,0
2022-02-19 19:19:21.081098,bp,8,31.770000457763672,2,0,20,0,0
2022-02-19 19:25:07.932125,bp,7,31.770000457763672,2,0,20,2,0
2022-02-19 19:30:52.080597,bp,7,31.770000457763672,2,0,20,2,0
2022-02-19 19:36:42.617227,bp,6,31.770000457763672,1,0,20,1,0
2022-02-19 19:42:28.309974,bp,5,31.770000457763672,1,0,20,1,0
2022-02-19 19:48:14.049080,bp,7,31.770000457763672,1,1,20,1,0
2022-02-19 19:54:00.954042,bp,7,31.770000457763672,0,1,20,1,0
2022-02-19 19:59:46.242610,bp,4,31.770000457763672,0,1,20,0,0
2022-02-19 20:05:31.641010,bp,3,31.770000457763672,1,1,20,0,0
2022-02-19 20:11:19.203154,bp,3,31.770000457763672,1,1,20,0,0
2022-02-19 20:17:05.051050,bp,3,31.770000457763672,1,1,20,0,0
2022-02-19 20:22:51.973568,bp,5,31.770000457763672,1,1,20,0,0
2022-02-19 20:28:39.593180,bp,5,31.770000457763672,1,1,20,0,0
2022-02-19 20:34:24.236146,bp,5,31.770000457763672,1,1,20,0,0
2022-02-19 20:40:12.107654,bp,4,31.770000457763672,1,1,20,0,0
2022-02-19 20:45:58.769603,bp,3,31.770000457763672,1,0,20,0,0
2022-02-19 20:51:45.946262,bp,2,31.770000457763672,0,0,20,0,0
2022-02-19 20:57:30.850831,bp,4,31.770000457763672,0,0,20,0,0
2022-02-19 21:03:15.423454,bp,6,31.770000457763672,1,0,20,0,0
2022-02-19 21:09:00.084293,bp,6,31.770000457763672,1,0,20,0,0
2022-02-19 21:14:45.443432,bp,5,31.770000457763672,0,0,20,0,0
2022-02-19 21:20:31.847120,bp,4,31.770000457763672,0,0,20,0,0
2022-02-19 21:26:19.918341,bp,4,31.770000457763672,0,0,20,0,0
2022-02-19 21:32:04.548759,bp,5,31.770000457763672,0,0,20,0,0
2022-02-19 21:37:47.499880,bp,7,31.770000457763672,0,1,20,0,0
2022-02-19 21:43:54.008356,bp,7,31.770000457763672,0,1,20,0,0
2022-02-19 21:49:37.522192,bp,7,31.770000457763672,0,1,20,1,0
2022-02-19 21:55:21.064204,bp,6,31.770000457763672,0,1,20,1,0
2022-02-19 22:01:05.567206,bp,5,31.770000457763672,1,2,20,1,0
2022-02-19 22:06:52.902545,bp,9,31.770000457763672,2,2,20,1,0
2022-02-19 22:12:39.642193,bp,13,31.770000457763672,4,2,20,1,0
2022-02-19 22:18:27.207299,bp,11,31.770000457763672,3,1,20,2,0
2022-02-19 22:24:15.864086,bp,12,31.770000457763672,3,2,20,1,0
2022-02-19 22:29:59.971256,bp,11,31.770000457763672,4,1,20,1,0
2022-02-19 22:35:42.442347,bp,10,31.770000457763672,4,1,20,1,0
2022-02-19 22:41:30.757916,bp,11,31.770000457763672,3,1,20,1,0
2022-02-19 22:47:16.613723,bp,13,31.770000457763672,3,1,20,1,0
2022-02-19 22:53:01.051142,bp,14,31.770000457763672,3,1,20,1,0
2022-02-19 22:58:44.818544,bp,13,31.770000457763672,3,1,20,0,0
2022-02-19 23:04:29.916345,bp,13,31.770000457763672,3,0,20,1,0
2022-02-19 23:10:15.947980,bp,15,31.770000457763672,3,1,20,0,0
2022-02-19 23:21:47.013653,bp,15,31.770000457763672,3,1,20,0,0
2022-02-19 23:27:30.977732,bp,13,31.770000457763672,2,1,20,1,0
2022-02-19 23:33:14.736707,bp,11,31.770000457763672,2,1,20,0,0
2022-02-19 23:38:57.997886,bp,10,31.770000457763672,1,1,20,0,0
2022-02-19 23:44:40.987106,bp,8,31.770000457763672,1,1,20,0,0
2022-02-19 23:50:24.059557,bp,7,31.770000457763672,1,1,20,0,0
2022-02-19 23:56:07.834963,bp,7,31.770000457763672,1,1,20,1,0
2022-02-20 00:01:54.603683,bp,4,31.770000457763672,0,0,20,1,0
2022-02-20 00:07:38.116755,bp,1,31.770000457763672,0,0,20,1,0
2022-02-20 00:13:22.971916,bp,1,31.770000457763672,0,0,20,2,0
2022-02-20 00:19:07.506384,bp,3,31.770000457763672,0,0,20,1,0
2022-02-20 00:24:52.028866,bp,2,31.770000457763672,0,0,20,2,0
2022-02-20 00:30:38.382268,bp,2,31.770000457763672,0,0,20,1,0
2022-02-20 00:36:22.206652,bp,2,31.770000457763672,0,0,20,1,0
2022-02-20 00:42:08.353993,bp,1,31.770000457763672,0,0,20,1,0
2022-02-20 00:47:52.724041,bp,1,31.770000457763672,0,0,20,1,0
2022-02-20 00:53:34.172122,bp,1,31.770000457763672,0,0,20,1,0
2022-02-20 00:59:17.875865,bp,2,31.770000457763672,0,0,20,1,0
2022-02-20 01:05:04.258386,bp,5,31.770000457763672,1,0,20,0,0
2022-02-20 01:10:47.160237,bp,4,31.770000457763672,1,0,20,0,0
2022-02-20 01:16:30.291299,bp,4,31.770000457763672,1,0,20,1,0
2022-02-20 01:22:18.656979,bp,5,31.770000457763672,1,0,20,0,0
2022-02-20 01:28:01.325291,bp,4,31.770000457763672,1,0,20,0,0
2022-02-20 01:33:46.227138,bp,5,31.770000457763672,1,0,20,1,1
2022-02-20 01:39:31.477128,bp,5,31.770000457763672,1,0,20,1,0
2022-02-20 01:45:14.992390,bp,4,31.770000457763672,1,0,20,0,0
2022-02-20 01:51:00.300439,bp,4,31.770000457763672,1,0,20,1,0
2022-02-20 01:56:45.388746,bp,3,31.770000457763672,1,0,20,1,0
2022-02-20 02:02:29.095263,bp,3,31.770000457763672,0,0,20,1,0
2022-02-20 02:08:13.227604,bp,6,31.770000457763672,0,0,20,0,0
2022-02-20 02:13:56.989956,bp,5,31.770000457763672,0,0,20,0,0
2022-02-20 02:19:40.819625,bp,4,31.770000457763672,0,0,20,0,0
2022-02-20 02:25:27.059991,bp,4,31.770000457763672,0,0,20,0,0
2022-02-20 02:31:11.109886,bp,4,31.770000457763672,0,0,20,0,0
2022-02-20 02:36:58.446622,bp,3,31.770000457763672,0,0,20,0,0
2022-02-20 02:42:43.621283,bp,3,31.770000457763672,0,0,20,0,0
2022-02-20 02:48:27.232875,bp,3,31.770000457763672,0,0,20,0,0
2022-02-20 02:54:11.932111,bp,4,31.770000457763672,0,0,20,0,0
2022-02-20 02:59:55.064576,bp,3,31.770000457763672,0,1,20,0,1
2022-02-20 03:05:39.992822,bp,3,31.770000457763672,0,0,20,0,0
2022-02-20 03:11:23.489275,bp,4,31.770000457763672,1,0,20,0,0
2022-02-20 03:17:08.529231,bp,4,31.770000457763672,0,0,20,2,0
2022-02-20 03:22:51.952908,bp,4,31.770000457763672,0,0,20,1,0
2022-02-20 03:28:37.206151,bp,6,31.770000457763672,0,0,20,0,0
2022-02-20 03:34:22.825119,bp,6,31.770000457763672,0,0,20,2,0
2022-02-20 03:40:04.187273,bp,7,31.770000457763672,0,0,20,1,0
2022-02-20 03:45:47.147632,bp,9,31.770000457763672,0,0,20,1,0
2022-02-20 03:51:32.707544,bp,9,31.770000457763672,0,1,20,1,0
2022-02-20 03:57:19.820734,bp,8,31.770000457763672,0,1,20,1,0
2022-02-20 04:03:05.314792,bp,11,31.770000457763672,1,2,20,0,0
2022-02-20 04:08:53.137044,bp,12,31.770000457763672,0,3,20,0,0
2022-02-20 04:14:37.700019,bp,10,31.770000457763672,0,2,20,0,0
2022-02-20 04:20:22.379315,bp,9,31.770000457763672,0,2,20,0,0
2022-02-20 04:26:06.314121,bp,7,31.770000457763672,0,2,20,1,0
2022-02-20 04:31:52.946588,bp,8,31.770000457763672,0,2,20,0,0
2022-02-20 04:37:41.264843,bp,7,31.770000457763672,0,1,20,1,0
2022-02-20 04:43:24.425317,bp,7,31.770000457763672,0,1,20,1,0
2022-02-20 04:49:08.674341,bp,7,31.770000457763672,0,1,20,1,0
2022-02-20 04:54:52.746637,bp,6,31.770000457763672,0,1,20,1,0
2022-02-20 05:00:40.038888,bp,7,31.770000457763672,1,1,20,1,0
2022-02-20 05:06:22.847756,bp,4,31.770000457763672,0,0,20,1,0
2022-02-20 05:12:10.531803,bp,4,31.770000457763672,0,0,20,1,1
2022-02-20 05:17:58.484958,bp,4,31.770000457763672,0,0,20,1,1
2022-02-20 05:23:44.067430,bp,2,31.770000457763672,0,0,20,1,1
2022-02-20 05:29:29.536241,bp,1,31.770000457763672,0,0,20,1,1
2022-02-20 05:35:13.204763,bp,1,31.770000457763672,0,0,20,0,0
2022-02-20 05:40:56.506076,bp,2,31.770000457763672,0,0,20,0,0
2022-02-20 05:46:40.329875,bp,4,31.770000457763672,1,0,20,0,0
2022-02-20 05:52:29.668943,bp,4,31.770000457763672,1,0,20,0,0
2022-02-20 05:58:14.224251,bp,4,31.770000457763672,1,0,20,0,0
2022-02-20 06:03:57.367484,bp,7,31.770000457763672,1,2,20,1,0
2022-02-20 06:09:40.896449,bp,9,31.770000457763672,2,3,20,0,0
2022-02-20 06:15:24.098464,bp,8,31.770000457763672,2,3,20,0,0
2022-02-20 06:21:07.363972,bp,7,31.770000457763672,2,2,20,0,0
2022-02-20 06:26:52.637043,bp,7,31.770000457763672,2,2,20,0,0
2022-02-20 06:32:40.539140,bp,6,31.770000457763672,2,2,20,0,0
2022-02-20 06:38:24.946449,bp,7,31.770000457763672,2,2,20,0,0
2022-02-20 06:44:08.904356,bp,7,31.770000457763672,2,2,20,0,0
2022-02-20 06:49:53.527977,bp,10,31.770000457763672,2,2,20,0,0
2022-02-20 06:55:37.939934,bp,10,31.770000457763672,2,2,20,0,0
2022-02-20 07:01:22.590359,bp,8,31.770000457763672,2,0,20,0,0
2022-02-20 07:07:05.786483,bp,9,31.770000457763672,1,1,20,0,0
2022-02-20 07:12:52.986923,bp,9,31.770000457763672,1,1,20,0,0
2022-02-20 07:18:38.267442,bp,8,31.770000457763672,1,1,20,0,0
2022-02-20 07:24:23.351150,bp,9,31.770000457763672,1,1,20,0,0
2022-02-20 07:30:09.095153,bp,8,31.770000457763672,1,1,20,0,0
2022-02-20 07:35:56.876135,bp,8,31.770000457763672,1,1,20,0,0
2022-02-20 07:41:39.951891,bp,7,31.770000457763672,1,1,20,0,0
2022-02-20 07:47:27.498389,bp,6,31.770000457763672,1,1,20,0,0
2022-02-20 07:53:10.485356,bp,7,31.770000457763672,1,2,20,0,0
2022-02-20 07:58:54.862368,bp,6,31.770000457763672,1,1,20,0,0
2022-02-20 08:04:39.849782,bp,7,31.770000457763672,2,1,20,0,0
2022-02-20 08:10:23.831280,bp,9,31.770000457763672,2,1,20,0,0
2022-02-20 08:16:08.389684,bp,8,31.770000457763672,2,1,20,0,0
2022-02-20 08:21:56.951420,bp,7,31.770000457763672,2,1,20,0,0
2022-02-20 08:27:47.889070,bp,9,31.770000457763672,3,1,20,0,0
2022-02-20 08:33:35.405123,bp,8,31.770000457763672,2,1,20,0,0
2022-02-20 08:39:20.787871,bp,6,31.770000457763672,1,0,20,0,0
2022-02-20 08:45:07.376886,bp,5,31.770000457763672,1,0,20,0,0
2022-02-20 08:50:52.570174,bp,5,31.770000457763672,1,0,20,0,0
2022-02-20 08:56:37.917534,bp,6,31.770000457763672,1,0,20,0,0
2022-02-20 09:02:23.372619,bp,9,31.770000457763672,1,0,20,0,0
2022-02-20 09:08:10.771902,bp,11,31.770000457763672,3,0,20,0,0
2022-02-20 09:13:56.415621,bp,8,31.770000457763672,2,0,20,0,0
2022-02-20 09:19:43.767749,bp,7,31.770000457763672,2,0,20,0,0
2022-02-20 09:25:28.547283,bp,5,31.770000457763672,2,0,20,0,0
2022-02-20 09:31:13.751495,bp,6,31.770000457763672,2,0,20,0,0
2022-02-20 09:36:59.228910,bp,7,31.770000457763672,2,0,20,0,0
2022-02-20 09:42:45.399616,bp,7,31.770000457763672,2,0,20,0,0
2022-02-20 09:48:30.273813,bp,9,31.770000457763672,2,0,20,0,0
2022-02-20 09:54:14.396460,bp,7,31.770000457763672,2,0,20,0,0
2022-02-20 09:59:59.577964,bp,7,31.770000457763672,1,0,20,0,0
2022-02-20 10:05:48.092816,bp,6,31.770000457763672,1,2,20,0,0
2022-02-20 10:11:33.186390,bp,6,31.770000457763672,1,2,20,0,0
2022-02-20 10:17:18.525290,bp,7,31.770000457763672,1,2,20,0,0
2022-02-20 10:23:05.389395,bp,8,31.770000457763672,1,2,20,0,0
2022-02-20 10:28:52.329576,bp,8,31.770000457763672,1,2,20,0,0
2022-02-20 10:34:39.568414,bp,7,31.770000457763672,1,2,20,0,0
2022-02-20 10:40:25.439297,bp,7,31.770000457763672,3,2,20,0,0
2022-02-20 10:46:11.313862,bp,4,31.770000457763672,2,2,20,0,0
2022-02-20 10:51:57.449919,bp,4,31.770000457763672,2,2,20,0,0
2022-02-20 10:57:43.479298,bp,4,31.770000457763672,2,0,20,1,0
2022-02-20 11:03:31.849559,bp,5,31.770000457763672,3,0,20,0,0
2022-02-20 11:09:19.385466,bp,5,31.770000457763672,3,0,20,0,0
2022-02-20 11:15:04.132889,bp,4,31.770000457763672,3,0,20,1,0
2022-02-20 11:20:49.457880,bp,4,31.770000457763672,3,0,20,1,0
2022-02-20 11:26:39.600088,bp,5,31.770000457763672,3,0,20,1,0
2022-02-20 11:32:24.645514,bp,4,31.770000457763672,3,0,20,1,0
2022-02-20 11:38:14.042214,bp,4,31.770000457763672,1,0,20,1,0
2022-02-20 11:44:00.565121,bp,3,31.770000457763672,1,0,20,1,0
2022-02-20 11:49:47.415983,bp,4,31.770000457763672,1,0,20,1,0
2022-02-20 11:55:31.270666,bp,4,31.770000457763672,1,0,20,1,0
2022-02-20 12:01:16.579036,bp,9,31.770000457763672,0,1,20,0,0
2022-02-20 12:07:03.700310,bp,8,31.770000457763672,0,1,20,0,0
2022-02-20 12:12:48.019073,bp,11,31.770000457763672,1,1,20,0,0
2022-02-20 12:18:35.004765,bp,12,31.770000457763672,1,1,20,0,0
2022-02-20 12:24:19.662167,bp,12,31.770000457763672,1,1,20,0,0
2022-02-20 12:30:08.716523,bp,13,31.770000457763672,1,1,20,0,0
2022-02-20 12:35:53.148895,bp,10,31.770000457763672,1,1,20,0,0
2022-02-20 12:41:38.538227,bp,8,31.770000457763672,1,0,20,0,0
2022-02-20 12:47:24.415462,bp,8,31.770000457763672,2,0,20,0,0
2022-02-20 12:53:12.251213,bp,9,31.770000457763672,2,0,20,0,0
2022-02-20 12:58:59.450039,bp,8,31.770000457763672,2,0,20,0,0
2022-02-20 13:04:44.000378,bp,6,31.770000457763672,2,0,20,0,0
2022-02-20 13:10:29.684128,bp,6,31.770000457763672,1,1,20,0,0
2022-02-20 13:16:14.579402,bp,4,31.770000457763672,1,1,20,0,0
2022-02-20 13:21:58.029228,bp,4,31.770000457763672,1,1,20,0,0
2022-02-20 13:27:43.953885,bp,4,31.770000457763672,1,1,20,0,0
2022-02-20 13:33:32.157822,bp,4,31.770000457763672,1,1,20,0,0
2022-02-20 13:39:17.754198,bp,4,31.770000457763672,1,1,20,0,0
2022-02-20 13:45:03.786909,bp,3,31.770000457763672,0,0,20,0,0
2022-02-20 13:50:47.075714,bp,1,31.770000457763672,0,0,20,0,0
2022-02-20 13:56:32.718682,bp,2,31.770000457763672,0,0,20,0,0
2022-02-20 14:02:18.272400,bp,4,31.770000457763672,0,1,20,0,0
2022-02-20 14:08:04.153814,bp,3,31.770000457763672,1,1,20,0,0
2022-02-20 14:13:50.180422,bp,3,31.770000457763672,0,0,20,0,0
2022-02-20 14:19:35.482748,bp,4,31.770000457763672,0,0,20,0,0
2022-02-20 14:25:20.343965,bp,4,31.770000457763672,0,0,20,0,0
2022-02-20 14:31:03.118653,bp,6,31.770000457763672,0,0,20,0,0
2022-02-20 14:36:49.591194,bp,7,31.770000457763672,0,0,20,0,0
2022-02-20 14:42:34.709688,bp,6,31.770000457763672,0,0,20,0,0
2022-02-20 14:48:21.648195,bp,6,31.770000457763672,0,0,20,0,0
2022-02-20 14:54:07.683826,bp,7,31.770000457763672,0,0,20,0,0
2022-02-20 14:59:50.857189,bp,10,31.770000457763672,1,0,20,0,0
2022-02-20 15:05:47.003876,bp,10,31.770000457763672,1,0,20,0,0
2022-02-20 15:11:32.282368,bp,10,31.770000457763672,1,0,20,0,0
2022-02-20 15:17:17.286625,bp,12,31.770000457763672,1,0,20,0,0
2022-02-20 15:23:02.619314,bp,10,31.770000457763672,0,0,20,0,0
2022-02-20 15:28:50.011388,bp,11,31.770000457763672,2,0,20,0,0
2022-02-20 15:34:35.315093,bp,10,31.770000457763672,2,0,20,0,0
2022-02-20 15:40:19.662731,bp,10,31.770000457763672,1,0,20,0,0
2022-02-20 15:46:04.827723,bp,11,31.770000457763672,1,0,20,1,0
2022-02-20 15:51:48.708332,bp,10,31.770000457763672,1,0,20,0,0
2022-02-20 15:57:32.400826,bp,10,31.770000457763672,1,0,20,1,0
2022-02-20 16:03:15.685139,bp,10,31.770000457763672,1,0,20,0,0
2022-02-20 16:09:01.328373,bp,10,31.770000457763672,2,0,20,0,0
2022-02-20 16:14:44.102119,bp,8,31.770000457763672,1,0,20,0,0
2022-02-20 16:20:28.994426,bp,7,31.770000457763672,1,0,20,0,0
2022-02-20 16:26:14.003328,bp,7,31.770000457763672,1,0,20,0,0
2022-02-20 16:32:00.411241,bp,7,31.770000457763672,1,0,20,0,0
2022-02-20 16:37:43.467462,bp,8,31.770000457763672,1,0,20,0,0
2022-02-20 16:43:25.703104,bp,7,31.770000457763672,1,0,20,1,0
2022-02-20 16:49:13.429097,bp,5,31.770000457763672,1,0,20,0,0
2022-02-20 16:54:57.479615,bp,7,31.770000457763672,1,0,20,1,0
2022-02-20 17:00:40.689075,bp,8,31.770000457763672,2,0,20,0,0
2022-02-20 17:06:26.045285,bp,12,31.770000457763672,2,2,20,0,0
2022-02-20 17:12:11.397102,bp,11,31.770000457763672,2,2,20,0,0
2022-02-20 17:17:56.915640,bp,12,31.770000457763672,2,2,20,0,0
2022-02-20 17:23:43.557820,bp,9,31.770000457763672,2,2,20,1,0
2022-02-20 17:29:29.497480,bp,9,31.770000457763672,2,2,20,1,0
2022-02-20 17:35:15.402421,bp,10,31.770000457763672,2,2,20,1,0
2022-02-20 17:41:00.543239,bp,12,31.770000457763672,3,2,20,1,0
2022-02-20 17:46:47.272615,bp,12,31.770000457763672,3,2,20,0,0
2022-02-20 17:52:32.115437,bp,8,31.770000457763672,2,1,20,0,0
2022-02-20 17:58:17.709448,bp,7,31.770000457763672,1,1,20,0,0
2022-02-20 18:04:06.141188,bp,5,31.770000457763672,2,0,20,0,0
2022-02-20 18:15:36.248782,bp,5,31.770000457763672,2,0,20,0,0
2022-02-20 18:21:22.330072,bp,7,31.770000457763672,2,0,20,0,0
2022-02-20 18:27:10.032347,bp,8,31.770000457763672,2,0,20,0,0
2022-02-20 18:32:54.476017,bp,7,31.770000457763672,2,0,20,0,0
2022-02-20 18:38:40.554927,bp,6,31.770000457763672,1,0,20,0,0
2022-02-20 18:44:28.224934,bp,6,31.770000457763672,1,0,20,0,0
2022-02-20 18:50:14.130447,bp,5,31.770000457763672,1,0,20,0,0
2022-02-20 18:55:59.329878,bp,4,31.770000457763672,0,0,20,0,0
2022-02-20 19:01:45.485705,bp,6,31.770000457763672,0,0,20,0,0
2022-02-20 19:07:31.084599,bp,7,31.770000457763672,0,0,20,0,0
2022-02-20 19:13:16.090844,bp,8,31.770000457763672,0,0,20,0,0
2022-02-20 19:19:02.887574,bp,7,31.770000457763672,2,0,20,0,0
2022-02-20 19:24:48.043024,bp,8,31.770000457763672,2,0,20,0,0
2022-02-20 19:30:35.100085,bp,8,31.770000457763672,2,0,20,0,0
2022-02-20 19:36:21.042681,bp,8,31.770000457763672,2,0,20,0,0
2022-02-20 19:42:07.364737,bp,7,31.770000457763672,1,0,20,0,0
2022-02-20 19:47:52.423407,bp,8,31.770000457763672,1,0,20,0,0
2022-02-20 19:53:40.062877,bp,6,31.770000457763672,1,0,20,0,0
2022-02-20 19:59:28.623847,bp,5,31.770000457763672,1,0,20,1,0
2022-02-20 20:05:15.911778,bp,8,31.770000457763672,2,0,20,0,0
2022-02-20 20:11:01.882641,bp,7,31.770000457763672,2,0,20,0,0
2022-02-20 20:16:46.849881,bp,4,31.770000457763672,0,0,20,0,0
2022-02-20 20:22:32.393396,bp,4,31.770000457763672,0,0,20,0,0
2022-02-20 20:28:18.505370,bp,5,31.770000457763672,0,0,20,0,0
2022-02-20 20:34:06.734446,bp,5,31.770000457763672,0,0,20,0,0
2022-02-20 20:39:54.338950,bp,6,31.770000457763672,1,0,20,0,0
2022-02-20 20:45:43.452767,bp,5,31.770000457763672,1,0,20,0,0
2022-02-20 20:51:28.524035,bp,5,31.770000457763672,1,0,20,0,0
2022-02-20 20:57:15.418803,bp,9,31.770000457763672,2,1,20,0,0
2022-02-20 21:03:01.226122,bp,11,31.770000457763672,2,2,20,0,0
2022-02-20 21:08:46.077569,bp,12,31.770000457763672,2,2,20,0,0
2022-02-20 21:14:34.899222,bp,11,31.770000457763672,1,2,20,0,0
2022-02-20 21:20:20.303895,bp,11,31.770000457763672,1,2,20,0,0
2022-02-20 21:26:06.743811,bp,10,31.770000457763672,1,2,20,0,0
2022-02-20 21:31:49.813471,bp,6,31.770000457763672,1,2,20,0,0
2022-02-20 21:37:35.712260,bp,7,31.770000457763672,1,2,20,0,0
2022-02-20 21:43:20.934558,bp,9,31.770000457763672,3,1,20,0,0
2022-02-20 21:49:09.418570,bp,10,31.770000457763672,3,1,20,0,0
2022-02-20 21:54:58.371619,bp,8,31.770000457763672,2,1,20,0,1
2022-02-20 22:00:56.570793,bp,12,31.770000457763672,2,1,20,0,1
2022-02-20 22:06:44.016256,bp,10,31.770000457763672,2,1,20,0,0
2022-02-20 22:12:30.457478,bp,9,31.770000457763672,2,1,20,0,0
2022-02-20 22:18:17.466750,bp,10,31.770000457763672,4,1,20,0,0
2022-02-20 22:24:03.123648,bp,11,31.770000457763672,4,1,20,1,0
2022-02-20 22:29:50.018364,bp,11,31.770000457763672,4,1,20,1,0
2022-02-20 22:35:35.659235,bp,10,31.770000457763672,2,1,20,1,0
2022-02-20 22:41:21.722892,bp,10,31.770000457763672,2,0,20,0,0
2022-02-20 22:47:06.540243,bp,8,31.770000457763672,2,0,20,1,0
2022-02-20 22:52:49.372032,bp,9,31.770000457763672,2,0,20,1,0
2022-02-20 22:58:33.840767,bp,8,31.770000457763672,2,0,20,0,0
2022-02-20 23:04:20.742960,bp,10,31.770000457763672,3,0,20,0,0
2022-02-20 23:10:03.157123,bp,9,31.770000457763672,3,0,20,0,0
2022-02-20 23:15:47.947860,bp,9,31.770000457763672,1,0,20,0,0
2022-02-20 23:21:37.956695,bp,11,31.770000457763672,2,0,20,0,0
2022-02-20 23:27:21.650256,bp,13,31.770000457763672,2,0,20,0,0
2022-02-20 23:33:06.842921,bp,8,31.770000457763672,1,0,20,0,0
2022-02-20 23:38:50.813526,bp,6,31.770000457763672,1,0,20,0,0
2022-02-20 23:44:35.872018,bp,6,31.770000457763672,1,1,20,0,0
2022-02-20 23:50:19.619040,bp,5,31.770000457763672,1,1,20,0,0
2022-02-20 23:56:03.689374,bp,6,31.770000457763672,2,1,20,0,0
2022-02-21 00:01:46.554821,bp,9,31.770000457763672,2,1,20,0,0
2022-02-21 00:07:30.826543,bp,10,31.770000457763672,2,1,20,0,0
2022-02-21 00:13:16.687817,bp,10,31.770000457763672,1,1,20,0,0
2022-02-21 00:19:03.034099,bp,11,31.770000457763672,1,1,20,0,0
2022-02-21 00:24:50.734586,bp,7,31.770000457763672,1,1,20,0,0
2022-02-21 00:30:35.357469,bp,6,31.770000457763672,1,1,20,0,0
2022-02-21 00:36:18.725478,bp,6,31.770000457763672,1,0,20,0,0
2022-02-21 00:42:04.255733,bp,5,31.770000457763672,1,0,20,0,0
2022-02-21 00:47:47.933447,bp,5,31.770000457763672,1,0,20,0,0
2022-02-21 00:53:32.965775,bp,4,31.770000457763672,0,0,20,0,0
2022-02-21 00:59:16.701621,bp,3,31.770000457763672,0,0,20,0,0
2022-02-21 01:05:01.705997,bp,9,31.770000457763672,2,0,20,0,0
2022-02-21 01:10:44.519279,bp,9,31.770000457763672,2,1,20,0,0
2022-02-21 01:16:28.088038,bp,9,31.770000457763672,2,1,20,0,0
2022-02-21 01:22:11.154853,bp,9,31.770000457763672,2,0,20,0,0
2022-02-21 01:27:54.089952,bp,10,31.770000457763672,2,0,20,0,0
2022-02-21 01:33:38.604113,bp,11,31.770000457763672,2,0,20,0,0
2022-02-21 01:39:22.126695,bp,9,31.770000457763672,2,0,20,0,0
2022-02-21 01:45:08.603706,bp,11,31.770000457763672,2,0,20,0,0
2022-02-21 01:50:51.879462,bp,8,31.770000457763672,0,0,20,0,0
2022-02-21 01:56:34.709261,bp,11,31.770000457763672,0,0,20,0,0
2022-02-21 02:02:19.309046,bp,16,31.770000457763672,6,1,20,0,0
2022-02-21 02:08:04.269233,bp,16,31.770000457763672,6,0,20,0,0
2022-02-21 02:13:46.920924,bp,14,31.770000457763672,0,0,20,0,0
2022-02-21 02:19:30.486441,bp,13,31.770000457763672,0,0,20,0,0
2022-02-21 02:25:16.783195,bp,13,31.770000457763672,2,0,20,0,0
2022-02-21 02:31:01.735726,bp,9,31.770000457763672,2,0,20,0,0
2022-02-21 02:36:45.451879,bp,11,31.770000457763672,2,1,20,0,0
2022-02-21 02:42:30.638349,bp,10,31.770000457763672,2,1,20,0,0
2022-02-21 02:48:13.152512,bp,9,31.770000457763672,2,1,20,1,0
2022-02-21 02:53:56.173454,bp,7,31.770000457763672,3,1,20,1,0
2022-02-21 02:59:42.216000,bp,8,31.770000457763672,3,1,20,1,0
2022-02-21 03:05:26.456355,bp,11,31.770000457763672,3,1,20,1,0
2022-02-21 03:11:11.779456,bp,13,31.770000457763672,4,2,20,1,0
2022-02-21 03:16:55.156764,bp,13,31.770000457763672,5,2,20,1,0
2022-02-21 03:22:38.981325,bp,11,31.770000457763672,2,2,20,1,0
2022-02-21 03:28:22.480475,bp,12,31.770000457763672,4,3,20,2,0
2022-02-21 03:34:07.932938,bp,14,31.770000457763672,5,3,20,2,0
2022-02-21 03:39:53.573363,bp,16,31.770000457763672,5,3,20,2,0
2022-02-21 03:45:38.012037,bp,14,31.770000457763672,5,3,20,3,0
2022-02-21 03:51:21.393209,bp,13,31.770000457763672,4,3,20,1,0
2022-02-21 03:57:04.706175,bp,13,31.770000457763672,5,3,20,2,0
2022-02-21 04:02:49.297297,bp,14,31.770000457763672,1,2,20,1,0
2022-02-21 04:08:33.124192,bp,21,31.770000457763672,1,4,20,1,0
2022-02-21 04:14:16.946030,bp,20,31.770000457763672,1,4,20,1,0
2022-02-21 04:20:03.101561,bp,16,31.770000457763672,1,4,20,1,0
2022-02-21 04:25:48.425524,bp,15,31.770000457763672,1,3,20,0,0
2022-02-21 04:31:33.271678,bp,14,31.770000457763672,1,3,20,0,0
2022-02-21 04:37:17.454515,bp,15,31.770000457763672,2,4,20,0,0
2022-02-21 04:43:02.483914,bp,15,31.770000457763672,1,4,20,0,0
2022-02-21 04:48:46.540034,bp,15,31.770000457763672,1,4,20,0,0
2022-02-21 04:54:29.797053,bp,14,31.770000457763672,1,4,20,0,0
2022-02-21 05:00:16.377054,bp,25,31.770000457763672,3,5,20,0,0
2022-02-21 05:06:01.309979,bp,19,31.770000457763672,4,5,20,1,0
2022-02-21 05:11:45.873011,bp,15,31.770000457763672,4,4,20,1,0
2022-02-21 05:17:31.188305,bp,17,31.770000457763672,3,4,20,1,0
2022-02-21 05:23:15.766882,bp,15,31.770000457763672,3,3,20,1,0
2022-02-21 05:29:01.099826,bp,14,31.770000457763672,3,2,20,1,0
2022-02-21 05:34:44.459223,bp,16,31.770000457763672,2,1,20,1,0
2022-02-21 05:40:30.583628,bp,18,31.770000457763672,3,1,20,1,0
2022-02-21 05:46:16.251064,bp,23,31.770000457763672,5,1,20,1,0
2022-02-21 05:51:59.986666,bp,23,31.770000457763672,7,1,20,1,0
2022-02-21 05:57:45.381345,bp,21,31.770000457763672,5,0,20,1,0
2022-02-21 06:03:29.569634,bp,28,31.770000457763672,4,1,20,1,0
2022-02-21 06:09:14.906323,bp,27,31.770000457763672,5,1,20,0,0
2022-02-21 06:15:03.399261,bp,26,31.770000457763672,4,1,20,0,0
2022-02-21 06:20:51.968909,bp,24,31.770000457763672,4,1,20,0,0
2022-02-21 06:26:36.978220,bp,23,31.770000457763672,3,0,20,0,0
2022-02-21 06:32:23.059804,bp,21,31.770000457763672,3,1,20,0,0
2022-02-21 06:38:08.812175,bp,18,31.770000457763672,2,1,20,0,0
2022-02-21 06:43:54.739459,bp,19,31.770000457763672,3,1,20,0,0
2022-02-21 06:49:40.987194,bp,15,31.770000457763672,2,1,20,0,0
2022-02-21 06:55:28.926437,bp,14,31.770000457763672,2,1,20,0,0
2022-02-21 07:01:13.819827,bp,20,31.770000457763672,5,1,20,0,0
2022-02-21 07:06:59.362780,bp,23,31.770000457763672,10,1,20,0,0
2022-02-21 07:12:45.935872,bp,20,31.770000457763672,7,0,20,0,0
2022-02-21 07:18:32.581071,bp,22,31.770000457763672,7,0,20,0,0
2022-02-21 07:24:19.309313,bp,19,31.770000457763672,8,1,20,0,0
2022-02-21 07:30:06.428446,bp,20,31.770000457763672,8,1,20,0,0
2022-02-21 07:35:53.726630,bp,17,31.770000457763672,6,1,20,0,0
2022-02-21 07:41:41.399939,bp,14,31.770000457763672,6,0,20,0,0
2022-02-21 07:47:26.784778,bp,14,31.770000457763672,5,0,20,0,0
2022-02-21 07:53:12.165755,bp,15,31.770000457763672,4,0,20,0,0
2022-02-21 07:58:57.884578,bp,15,31.770000457763672,4,0,20,0,0
2022-02-21 08:04:41.536980,bp,24,31.770000457763672,5,3,20,1,0
2022-02-21 08:10:30.157123,bp,19,31.770000457763672,4,2,20,1,0
2022-02-21 08:16:16.624947,bp,21,31.770000457763672,5,1,20,1,0
2022-02-21 08:22:02.940980,bp,16,31.770000457763672,3,0,20,1,0
2022-02-21 08:27:48.855774,bp,12,31.770000457763672,2,0,20,1,0
2022-02-21 08:33:35.766379,bp,12,31.770000457763672,2,0,20,1,0
2022-02-21 08:39:20.814086,bp,13,31.770000457763672,2,0,20,1,0
2022-02-21 08:45:05.768991,bp,11,31.770000457763672,2,0,20,1,0
2022-02-21 08:50:54.537897,bp,12,31.770000457763672,2,0,20,1,0
2022-02-21 08:56:40.463628,bp,10,31.770000457763672,2,0,20,1,0
2022-02-21 09:02:27.800475,bp,14,31.770000457763672,2,0,20,1,0
2022-02-21 09:08:15.350091,bp,11,31.770000457763672,2,0,20,1,0
2022-02-21 09:14:01.116461,bp,9,31.770000457763672,0,0,20,1,0
2022-02-21 09:19:46.766557,bp,9,31.770000457763672,0,0,20,2,0
2022-02-21 09:25:35.574087,bp,8,31.770000457763672,0,0,20,1,0
2022-02-21 09:31:21.791207,bp,10,31.770000457763672,0,0,20,1,0
2022-02-21 09:37:06.617348,bp,9,31.770000457763672,0,0,20,1,0
2022-02-21 09:43:02.647044,bp,12,31.770000457763672,0,0,20,1,0
2022-02-21 09:48:53.626392,bp,10,31.770000457763672,0,0,20,0,0
2022-02-21 09:54:38.934882,bp,10,31.770000457763672,0,0,20,0,0
2022-02-21 10:00:31.176590,bp,15,31.770000457763672,1,0,20,1,0
2022-02-21 10:06:22.794929,bp,18,31.770000457763672,1,0,20,1,0
2022-02-21 10:12:13.579353,bp,17,31.770000457763672,1,0,20,1,0
2022-02-21 10:18:01.656452,bp,17,31.770000457763672,3,0,20,1,0
2022-02-21 10:23:47.070185,bp,18,31.770000457763672,3,0,20,0,0
2022-02-21 10:29:34.506628,bp,15,31.770000457763672,1,0,20,1,0
2022-02-21 10:35:21.742640,bp,16,31.770000457763672,1,1,20,1,0
2022-02-21 10:41:10.812889,bp,16,31.770000457763672,1,1,20,0,0
2022-02-21 10:47:01.578508,bp,17,31.770000457763672,3,1,20,1,0
2022-02-21 10:52:48.988023,bp,17,31.770000457763672,4,1,20,0,0
2022-02-21 10:58:34.113551,bp,13,31.770000457763672,3,1,20,0,0
2022-02-21 11:04:25.586234,bp,16,31.770000457763672,1,1,20,0,0
2022-02-21 11:10:12.786271,bp,17,31.770000457763672,3,1,20,0,0
2022-02-21 11:16:01.599859,bp,20,31.770000457763672,2,1,20,0,0
2022-02-21 11:21:48.228153,bp,20,31.770000457763672,3,2,20,0,0
2022-02-21 11:27:34.423049,bp,21,31.770000457763672,3,2,20,0,0
2022-02-21 11:33:22.432679,bp,18,31.770000457763672,5,1,20,0,0
2022-02-21 11:39:09.202221,bp,17,31.770000457763672,5,1,20,0,0
2022-02-21 11:44:57.072783,bp,15,31.770000457763672,4,1,20,0,0
2022-02-21 11:53:40.911718,bp,16,31.770000457763672,5,1,20,0,0
2022-02-21 12:10:26.743192,bp,14,31.770000457763672,2,3,20,0,0
2022-02-21 12:17:30.160767,bp,12,31.770000457763672,2,3,20,0,0
2022-02-21 12:23:50.038716,bp,10,31.770000457763672,2,3,20,0,0
2022-02-21 12:29:34.865009,bp,12,31.770000457763672,1,3,20,0,0
2022-02-21 12:36:37.446907,bp,13,31.770000457763672,1,3,20,0,0
2022-02-21 12:42:23.755563,bp,12,31.770000457763672,2,2,20,0,0
2022-02-21 12:48:08.881263,bp,13,31.770000457763672,3,2,20,0,0
2022-02-21 12:53:54.918426,bp,12,31.770000457763672,3,2,20,0,0
2022-02-21 12:59:41.166736,bp,12,31.770000457763672,3,2,20,0,0
2022-02-21 13:05:26.458148,bp,15,31.770000457763672,3,2,20,0,0
2022-02-21 13:11:15.246189,bp,15,31.770000457763672,3,2,20,0,0
2022-02-21 13:17:00.684882,bp,14,31.770000457763672,3,2,20,0,0
2022-02-21 13:22:47.034584,bp,13,31.770000457763672,3,2,20,0,0
2022-02-21 13:28:32.381544,bp,10,31.770000457763672,3,0,20,0,0
2022-02-21 13:34:17.704241,bp,11,31.770000457763672,3,2,20,0,0
2022-02-21 13:40:04.840678,bp,11,31.770000457763672,1,2,20,0,0
2022-02-21 13:45:51.386835,bp,9,31.770000457763672,1,2,20,0,0
2022-02-21 13:51:39.459264,bp,11,31.770000457763672,1,2,20,0,0
2022-02-21 13:57:25.436661,bp,10,31.770000457763672,1,2,20,0,0
2022-02-21 14:03:11.128283,bp,12,31.770000457763672,2,2,20,1,1
2022-02-21 14:08:57.459232,bp,12,31.770000457763672,2,2,20,0,1
2022-02-21 14:14:43.108049,bp,12,31.770000457763672,2,2,20,1,1
2022-02-21 14:20:28.309123,bp,15,31.770000457763672,2,2,20,0,1
2022-02-21 14:26:20.717360,bp,14,31.770000457763672,2,2,20,0,1
2022-02-21 14:32:04.822109,bp,14,31.770000457763672,1,0,20,0,1
2022-02-21 14:37:52.836638,bp,12,31.770000457763672,0,0,20,0,1
2022-02-21 14:43:37.719606,bp,15,31.770000457763672,0,0,20,1,1
2022-02-21 14:49:21.321328,bp,15,31.770000457763672,0,0,20,0,1
2022-02-21 14:55:05.677010,bp,16,31.770000457763672,0,0,20,0,1
2022-02-21 15:00:51.480460,bp,18,31.770000457763672,0,0,20,1,1
2022-02-21 15:06:39.449926,bp,18,31.770000457763672,0,1,20,0,0
2022-02-21 15:12:28.791558,bp,17,31.770000457763672,0,1,20,0,0
2022-02-21 15:18:19.788808,bp,13,31.770000457763672,0,1,20,0,0
2022-02-21 15:24:07.950794,bp,14,31.770000457763672,0,1,20,0,0
2022-02-21 15:29:55.740267,bp,12,31.770000457763672,1,1,20,0,0
2022-02-21 15:35:40.435951,bp,12,31.770000457763672,1,1,20,0,0
2022-02-22 16:40:02.606970,bp,17,31.059999465942383,1,2,20,0,0
2022-02-22 16:45:51.823959,bp,14,31.059999465942383,1,2,20,0,0
2022-02-22 16:51:53.335173,bp,14,31.059999465942383,1,2,20,0,0
2022-02-23 06:52:06.094612,bp,22,31.059999465942383,3,1,20,0,0
2022-02-24 13:26:04.808414,bp,24,29.114999771118164,3,2,20,0,0
